9000 100 9000 1
1197 4 5
1866 5 2
5264 4 4
6810 5 1
7007 3 2
4866 5 5
408 4 4
6725 1 2
8039 3 2
8838 5 5
948 3 1
987 3 1
8647 1 5
1681 5 1
12 3 3
5996 2 2
8998 3 1
231 5 4
2824 3 1
6499 2 3
8913 1 5
5353 4 3
416 4 1
4969 2 1
4715 4 5
771 4 5
2589 2 3
6546 5 1
8567 2 2
9335 5 1
2932 4 1
640 1 5
8860 2 2
9756 5 4
8076 3 1
3912 1 4
591 1 4
9329 5 4
3722 5 1
7513 3 3
3394 3 2
1385 2 4
3676 1 4
6572 2 4
5031 5 1
3873 5 5
5249 2 2
3722 4 4
3696 5 4
4115 2 5
3173 2 5
9272 4 5
6580 4 3
5991 3 5
6445 1 1
4651 1 5
9842 4 4
4874 3 2
7546 3 4
5485 4 3
6919 4 5
5453 2 3
9495 5 2
6067 4 1
533 5 5
6028 4 5
8919 1 5
8829 4 5
2190 4 3
247 1 1
4827 5 2
1382 2 1
9201 1 4
6740 3 5
8551 2 3
1105 1 5
1934 1 5
5061 2 4
7791 2 2
2457 4 4
2490 3 1
3088 1 1
3866 4 1
3256 4 1
7077 4 5
5489 1 1
174 5 4
7532 5 2
6988 2 1
978 2 4
1898 3 3
5701 1 5
4046 2 1
4276 1 1
6186 3 5
8517 3 2
115 5 3
4030 1 2
6216 5 4
7866 5 5
5107 2 5
6732 5 3
91 1 1
7648 5 3
7970 3 3
1603 1 1
8003 2 1
1995 4 4
6705 2 3
8626 3 3
7465 2 2
8413 4 4
7097 2 1
4347 1 1
7806 4 2
2796 5 3
2944 5 1
2503 5 3
6138 3 5
6853 1 3
6539 4 2
548 4 3
9844 4 5
7355 1 1
5137 4 2
7861 1 1
3920 4 2
5117 2 1
6929 1 2
4334 1 1
6400 3 5
3106 4 1
5817 5 4
1526 4 1
1824 5 5
9723 1 4
9702 4 5
8967 1 4
8669 3 3
2401 3 3
5689 5 1
9717 2 3
7083 4 4
9983 2 5
3024 2 1
344 4 5
4576 1 3
7963 3 1
3873 2 1
4697 4 2
7321 1 2
3443 3 1
3260 4 3
1359 5 1
4309 5 5
6927 2 4
8070 4 4
4721 5 5
1707 5 4
5708 1 1
7756 1 4
4938 4 3
5789 2 1
3295 3 5
8610 3 5
8750 2 4
7493 2 5
9623 1 3
6893 4 2
3435 4 1
5232 2 4
8144 4 4
3094 1 5
8769 3 5
9882 1 2
4296 1 3
6318 3 5
4243 4 3
1390 5 2
5988 1 4
2495 1 2
2928 5 2
9337 4 5
4091 1 4
7549 5 4
30 2 3
7023 2 2
660 2 3
1843 5 2
7556 2 2
7417 3 4
8040 4 3
1945 2 4
3128 4 5
3792 1 3
2672 4 3
7497 2 2
4663 5 2
1626 3 4
5468 5 2
545 1 2
2001 1 1
8361 3 5
9591 2 1
2788 2 4
7361 3 3
9335 5 5
538 3 3
9426 5 3
8122 5 5
3716 5 1
290 3 2
3335 4 5
898 3 1
7284 2 3
723 3 2
8003 4 2
4084 4 3
6056 2 3
9026 5 4
6912 3 1
2260 5 4
2727 4 1
8755 1 4
9292 2 2
7693 3 5
1764 1 1
3519 5 2
4483 3 2
5479 4 4
6100 2 5
1502 5 3
843 3 1
6038 3 3
3350 5 4
3265 2 3
3707 3 3
964 5 5
4132 3 1
2628 1 1
1032 1 1
3485 4 4
2089 5 2
6264 2 1
1252 3 1
8408 2 2
9482 3 2
9397 4 3
3470 3 4
2354 1 3
8620 5 5
4389 1 2
741 1 3
658 1 4
3821 1 4
4456 2 5
5699 4 5
2961 3 3
1373 3 5
2140 5 4
6687 3 1
7064 3 3
3789 3 1
7890 5 1
1257 4 5
9620 2 4
7090 3 2
93 4 2
4384 4 1
5451 3 1
2791 3 2
6116 2 1
5704 3 5
7367 4 1
1231 1 1
1029 1 2
3187 3 3
2564 2 1
4390 2 5
3661 1 4
8977 2 1
3147 3 2
7409 2 4
4368 1 4
4532 2 1
4021 1 4
7296 3 3
9080 5 5
1214 5 4
4600 1 2
7511 4 2
5202 3 1
1137 3 2
8867 5 3
6410 2 5
9618 4 5
5262 5 2
9246 5 5
6790 3 3
1313 1 1
5777 3 4
6229 5 3
9457 1 5
2639 3 4
5364 4 1
8226 1 4
3010 5 3
9911 1 3
2416 4 5
1517 3 5
8647 4 2
6709 1 3
6832 5 1
6565 4 4
8356 4 1
9351 3 3
609 3 2
2647 2 1
5625 5 5
1990 1 1
6005 5 3
3034 1 2
437 5 4
6495 1 4
8895 4 4
9696 2 2
6962 1 3
353 4 4
5663 5 1
8311 1 2
2785 4 4
1242 2 2
4862 2 3
6574 2 3
5820 5 2
1736 3 2
7140 5 4
5770 1 5
3088 1 4
6435 4 3
5573 3 1
4768 1 1
7704 4 3
9862 1 2
8242 3 2
5268 2 5
9756 1 4
1528 4 4
9879 2 5
2407 3 1
9648 2 5
4935 2 4
4153 5 3
5499 5 5
4327 2 2
2438 2 3
2603 2 2
9438 4 2
326 1 2
8747 3 4
1160 4 2
9288 2 1
7891 3 2
8367 4 4
3976 2 4
3978 1 4
4113 3 5
5582 4 4
5040 2 2
307 3 5
587 4 2
3621 5 4
5891 1 1
3044 1 3
9240 4 3
7397 5 3
9626 2 4
3096 2 2
1952 3 1
5855 1 2
7089 3 3
5356 5 2
9021 2 5
490 1 1
5252 5 5
6403 1 1
3989 1 5
9409 4 3
5318 1 1
2464 3 3
2189 1 4
8526 3 1
2316 1 4
4221 5 2
5825 2 3
8028 4 3
6634 5 2
8401 3 5
4821 1 3
1744 5 5
5932 1 2
535 5 2
5173 3 2
4658 4 1
4004 4 2
7189 5 5
3943 3 1
2082 1 3
2361 1 1
2038 2 5
6521 1 5
7378 1 4
3232 5 4
8931 2 2
4571 2 2
8797 3 1
5616 5 2
6081 3 4
2747 5 4
5002 2 2
2296 5 5
914 2 1
1302 4 2
9474 2 1
503 2 4
9427 3 5
5146 5 1
5502 5 3
2782 5 1
7450 5 4
3582 4 2
3306 2 4
6879 1 3
7497 4 3
448 5 1
7165 3 2
2827 2 2
4528 3 3
1855 4 1
6493 1 5
7540 1 2
4024 3 3
2211 4 5
4975 1 3
7412 4 2
5323 4 3
8277 2 2
9477 1 4
4425 3 1
412 2 2
2779 2 3
4118 5 3
2852 3 1
2831 3 4
8252 3 5
4998 1 1
5797 3 3
2377 2 2
3275 3 3
6481 4 1
184 1 3
7263 2 1
2961 3 1
4909 2 3
2040 3 5
2436 2 5
3553 5 3
7695 3 4
3518 1 2
2281 4 2
2402 1 5
2667 2 2
9776 4 2
5583 2 1
105 3 2
1748 1 3
6032 5 4
4808 3 1
1869 5 2
4034 5 2
1984 4 4
4872 5 2
8857 4 1
4478 1 3
16 3 2
7300 4 1
9985 1 3
9116 3 2
7562 3 4
1932 4 1
7768 4 3
9017 3 2
2157 4 1
9603 1 1
2238 3 3
7552 5 5
9702 4 1
8806 5 4
1055 2 1
5929 2 3
5342 5 2
8593 1 5
7286 2 5
9343 1 5
2447 5 1
3120 3 1
558 2 1
8156 4 1
6916 2 5
8015 3 2
9227 1 1
6994 4 5
2454 1 5
8858 3 3
6804 1 5
5185 2 5
9718 3 4
3180 5 4
4481 5 1
5547 4 3
6808 1 2
8248 1 1
5986 4 1
9623 5 1
820 1 4
9763 5 2
1254 2 3
2844 5 2
7153 4 4
2353 2 4
227 4 4
4554 1 2
3941 5 4
4780 1 5
5619 4 4
5470 5 1
6596 1 2
2256 4 2
7039 2 3
5895 2 3
872 5 5
4003 5 5
8593 2 1
5721 3 2
2307 4 5
8743 2 4
3141 2 5
9341 1 4
3725 4 3
2844 4 5
358 2 1
1807 1 1
5545 2 4
6498 4 4
909 4 3
4783 2 2
3799 3 1
9685 3 4
5676 2 3
6521 1 4
3794 1 3
5168 4 2
1618 5 5
2992 4 3
937 2 1
8908 3 4
3769 1 5
8292 5 5
2491 3 3
868 4 5
8745 3 5
6003 3 3
8677 4 4
8601 4 3
1732 3 1
97 3 4
9484 4 3
5845 4 2
4090 5 5
5450 1 4
7199 2 4
7371 2 3
9162 5 2
9997 5 2
4048 4 1
3226 4 5
277 3 4
7673 3 3
9237 1 3
6198 5 2
5060 2 2
5771 2 3
1751 3 5
1723 5 1
3689 1 1
3323 2 4
9169 1 1
1084 5 5
6322 4 3
1220 1 3
231 3 3
4587 4 2
3975 1 2
7173 3 3
8256 4 1
9722 3 2
427 4 5
6180 1 3
1436 3 3
9226 1 2
4679 5 5
1980 4 4
3735 5 1
650 3 2
867 4 4
1766 4 3
3073 1 3
8734 1 4
9582 2 2
4670 4 1
3556 5 2
1798 2 5
3801 5 4
3099 4 2
454 2 5
2202 1 4
9087 5 3
2059 4 1
1834 5 2
499 4 2
6139 3 5
7819 3 3
7537 1 3
790 1 2
2036 3 5
6503 1 5
2399 1 1
1138 2 1
4020 1 3
8010 5 1
2337 1 2
7327 2 5
8723 3 2
7927 3 3
4807 2 5
4826 5 5
1981 5 2
6111 4 1
2969 4 3
6814 3 5
2516 4 2
7251 1 3
9558 2 3
4502 2 3
6770 4 2
1246 2 1
1018 3 1
808 1 2
465 4 2
9376 1 2
7947 3 2
1334 2 2
2085 1 1
5300 2 4
5100 3 4
9064 5 5
3706 2 4
4927 3 5
5318 4 1
5943 4 3
4738 5 1
5562 4 1
3572 5 5
9799 2 3
5038 1 5
6500 5 1
1032 5 3
2680 3 5
5704 2 5
7571 1 1
2165 3 4
6954 2 2
3319 3 5
7159 3 4
2953 1 4
3201 2 1
355 2 5
9079 2 2
9005 5 1
6307 4 4
4931 2 1
6383 4 3
9275 4 2
7587 2 1
7463 2 4
7118 5 2
7180 1 4
9807 3 3
7294 1 1
4815 3 5
1323 3 4
1796 2 5
4041 4 3
6988 3 5
1822 5 4
9828 5 4
8376 1 4
6905 3 3
6998 4 4
2414 3 5
3081 2 5
5945 4 1
7178 4 4
9608 5 5
4802 2 1
6290 1 5
5098 3 5
4221 3 1
6368 4 4
7074 2 5
58 2 2
7054 2 4
4986 2 5
8224 1 3
5693 5 4
8247 4 5
7877 3 4
1574 5 2
6625 4 2
5747 5 1
401 1 3
533 4 2
9390 2 1
7004 3 4
7050 5 1
8702 1 1
2937 3 1
5939 4 5
8038 1 4
4637 5 5
6357 2 4
3273 4 2
1364 5 1
3101 4 5
5455 5 2
9109 2 4
7045 3 5
1935 1 3
4002 1 4
7831 5 3
213 4 2
3849 4 1
79 1 2
3536 3 2
6758 2 5
9684 3 2
2947 4 3
4590 4 2
9032 4 3
413 1 5
7856 1 4
3889 3 4
8595 2 4
9664 4 5
9133 4 3
2140 5 5
8059 1 1
3893 5 3
1357 4 1
2774 5 3
6009 2 4
2764 4 2
7197 3 1
5998 1 2
2646 5 5
2824 5 1
320 2 5
3232 1 3
6370 3 3
2084 5 3
7679 4 4
1551 5 4
8427 1 2
4503 5 3
5156 4 5
8751 3 3
8055 1 5
3680 3 3
10000 5 2
2409 3 5
1786 2 3
9062 1 2
8742 5 3
9182 5 3
565 3 2
7822 2 4
293 3 4
4138 4 2
8282 4 5
7660 3 4
2207 3 4
2027 2 1
2945 1 4
8164 4 3
3533 1 3
2713 3 5
8193 1 3
690 4 1
3105 1 2
4778 3 3
4985 2 4
6072 3 2
9975 3 1
1837 3 2
1778 4 5
9694 2 3
1842 1 2
9704 1 2
9825 2 1
4733 3 3
9972 5 1
9133 1 4
7153 2 2
5690 4 2
3037 4 2
8842 3 2
8361 5 3
5865 2 2
6367 4 3
7310 5 2
4256 4 3
7485 1 5
9540 1 1
3863 4 1
3567 5 5
4680 3 1
847 4 3
5327 4 5
7242 4 1
2000 2 1
954 2 2
5170 5 3
8150 4 2
5004 4 2
588 5 4
2259 2 1
2783 2 5
5910 2 1
263 3 1
12 1 1
3931 5 2
5004 2 3
3635 4 3
5450 3 4
8655 3 2
5235 2 3
6642 3 4
5359 5 1
5263 4 5
3299 3 5
2881 2 4
8921 5 4
1208 1 1
9518 4 4
8385 3 4
593 1 5
3960 5 3
6704 3 1
1012 2 5
5846 4 5
5821 5 1
3610 1 2
9124 2 2
2621 1 1
6810 2 1
7818 1 1
4791 2 2
5146 2 4
2679 2 5
1875 3 4
3459 5 2
9973 1 5
3888 2 4
5856 2 4
1576 2 3
9417 2 1
7891 5 2
6493 2 2
7498 4 4
338 3 3
5978 2 5
7661 5 2
9098 2 2
8782 5 1
8768 5 1
4202 3 5
5405 4 1
1194 3 2
8429 1 4
5492 3 3
2646 5 5
2495 1 3
4496 3 2
6815 3 5
7994 1 2
3627 5 5
6820 1 4
4109 4 1
7754 2 5
6214 5 3
5983 5 5
8110 4 2
5433 1 1
1848 1 3
3920 3 2
8344 4 2
3708 5 1
11 5 4
9886 1 5
5763 4 1
3827 4 4
219 2 4
5689 2 5
9207 4 1
9681 1 3
794 3 3
9490 3 4
9330 4 3
8198 3 3
2428 2 2
4475 5 4
7998 5 1
8612 1 3
6830 4 3
7834 5 4
3928 3 4
406 5 3
1068 2 3
9689 2 3
5043 1 5
4949 2 4
8764 2 3
5133 4 4
8447 3 2
1678 4 5
9247 4 4
4268 5 3
4456 3 5
3695 4 5
4837 5 3
7749 1 3
3716 5 2
8827 3 5
9511 4 4
2688 4 3
6925 4 3
2564 4 1
3503 5 2
5485 5 2
4751 5 4
7000 1 4
1693 3 4
4215 1 3
9867 1 2
8063 3 4
5813 5 1
699 2 1
3082 1 5
3160 1 1
744 2 3
7612 2 2
5867 4 2
3385 1 5
470 4 4
7108 3 2
9042 2 4
2180 4 3
2164 5 1
9912 5 2
4658 1 4
5424 4 5
9516 3 5
4972 4 4
7668 3 1
8746 5 1
2603 2 5
1604 5 2
2457 5 1
9171 2 3
7364 2 4
43 1 5
136 3 3
8900 3 5
5823 3 3
7860 3 1
5313 2 2
6867 4 5
9926 5 3
9946 1 2
5972 2 1
3879 4 2
7651 3 4
967 2 1
1383 2 5
6563 3 2
7970 4 2
2775 1 3
2838 5 1
3125 4 1
8349 2 3
938 5 2
1818 3 5
1591 4 1
6456 2 5
5942 2 1
2465 3 1
2222 3 1
5338 4 1
4704 5 4
9963 4 2
6362 5 5
2100 4 1
6287 1 5
448 4 1
3203 5 1
8088 1 2
9231 1 5
2274 2 1
7585 5 5
2810 3 1
1352 4 2
1492 5 4
9972 5 3
4246 2 4
9861 4 3
6904 4 3
7218 5 4
8852 2 2
5424 3 3
2748 2 2
3507 2 2
6469 2 5
1999 3 3
9936 2 4
1483 4 2
6364 1 1
526 3 5
6024 2 5
7838 3 4
9554 2 5
2005 1 1
8913 4 3
2806 1 2
4223 3 3
4266 3 5
4103 1 5
3371 4 2
5843 3 5
7748 4 1
6368 1 1
6698 2 5
6869 2 2
1036 4 1
1146 2 5
7795 5 2
5482 2 4
1007 5 1
6681 2 3
6673 2 4
4952 4 1
765 5 5
4643 4 5
9320 1 3
1630 1 2
8134 3 5
1345 4 2
6068 5 4
6343 1 5
5837 2 3
5108 2 2
4331 3 1
145 1 1
4387 2 4
630 5 4
2000 5 2
4788 2 3
8536 3 5
2111 5 1
9522 5 2
1126 5 1
687 1 2
6382 4 5
465 2 3
225 2 2
6560 4 4
6471 5 2
2426 5 4
6770 5 1
9081 5 5
1498 4 2
4704 2 5
3537 3 4
2454 3 4
1154 3 3
7146 5 3
3466 5 3
6364 4 3
1425 2 4
2726 3 5
3834 5 1
7242 5 4
6137 1 4
8386 3 3
5274 3 1
8771 3 1
6528 2 4
745 4 5
4872 4 1
3118 4 3
9964 1 4
1273 2 5
6931 4 4
5371 4 4
3889 2 5
3416 2 3
3875 2 1
5696 4 3
4982 2 3
4284 3 5
2102 4 3
307 3 4
8396 2 1
8610 5 3
26 4 4
497 1 4
9994 2 4
840 3 5
3501 4 1
6807 3 1
9264 1 4
6358 4 5
2474 2 3
6139 5 1
8582 4 1
7854 1 1
549 2 1
4881 4 2
4879 1 3
2758 5 5
4201 5 4
7965 3 4
5754 1 5
9026 4 4
2031 5 5
1479 4 1
7888 1 2
9160 3 4
987 5 4
1616 5 2
2494 3 2
1911 3 3
4327 5 4
7102 5 4
4680 3 4
8741 1 2
6156 3 4
4861 4 4
3410 2 1
9753 2 4
3880 5 5
3981 5 3
4508 1 2
845 2 3
293 2 3
5681 4 1
3295 1 4
8296 2 2
9341 5 3
496 1 2
6012 3 2
7213 2 4
7038 1 5
1282 5 3
9727 5 2
3722 3 5
7255 3 4
4450 2 5
3804 5 2
6217 2 5
710 3 2
57 1 1
9844 2 4
433 1 2
7523 2 5
8426 4 5
2450 1 1
1699 2 1
3119 3 4
6158 5 5
1490 1 3
9544 4 1
7538 4 1
2045 1 2
7744 3 2
2059 1 4
4970 5 2
9038 4 2
1536 1 1
3041 2 1
4839 1 5
4984 3 5
7893 4 1
201 1 3
9612 1 4
6858 4 2
7088 3 2
9110 3 5
6480 5 3
8044 5 3
1335 3 5
2678 3 1
271 4 3
8306 2 3
7564 2 1
1001 1 4
4909 4 5
340 2 5
4782 5 3
2842 2 3
4795 1 4
4843 4 3
5716 4 3
1364 5 5
4312 4 5
6686 4 4
3861 5 4
6340 4 3
5827 2 5
4251 5 1
2916 1 2
6422 3 3
7377 1 5
8781 3 3
2797 5 2
5001 5 2
9568 1 4
9855 5 3
1 5 1
9229 4 3
2305 3 1
4832 1 3
8672 3 4
6619 4 5
8031 5 3
5761 3 3
3259 2 4
1062 1 2
4023 4 4
8605 4 1
5085 5 4
7510 1 2
7405 4 5
3028 1 5
8714 4 4
6280 4 2
8263 1 1
1053 4 3
607 5 5
4584 2 2
4547 3 1
8826 4 2
4079 1 1
2267 3 2
8074 5 3
2428 2 2
6476 5 2
6741 3 1
2015 5 5
5131 2 3
5874 5 2
1162 3 5
4034 1 4
4162 2 2
1806 1 2
6060 4 5
8352 2 3
2293 2 3
6090 3 2
3518 2 4
4909 4 4
9466 2 4
5238 3 5
189 3 4
9519 4 2
6107 4 1
9792 5 5
4158 4 1
8058 1 2
4797 1 5
2713 4 3
3824 4 4
4433 5 3
2491 5 5
1292 3 5
980 1 2
1119 3 2
6442 4 2
8336 2 1
8139 4 3
9000 2 5
619 3 2
9523 1 5
8552 2 1
8997 5 3
2874 5 4
2985 2 2
8991 3 5
8667 5 5
5800 5 1
350 2 4
5382 3 4
576 3 4
7947 4 1
788 5 1
819 4 4
4574 4 5
6271 2 5
6447 3 2
8925 2 4
1314 1 3
3974 2 1
9017 1 1
5136 3 3
203 5 5
1280 3 2
8688 3 4
1784 3 3
5266 1 5
2704 2 4
241 2 2
6151 1 3
6204 3 1
7338 5 3
3206 3 3
8763 4 1
3235 5 4
1716 5 1
7398 1 1
7486 2 4
9726 2 2
492 1 2
5449 1 1
7272 5 3
8453 2 1
9198 4 3
3571 2 1
5753 3 5
8029 4 2
7639 4 5
8340 5 4
3458 4 1
5657 5 4
3562 3 4
6056 5 1
5544 5 5
2041 1 3
7048 3 4
8813 3 2
6170 5 3
7180 1 2
1618 1 4
6103 3 5
6595 2 3
5678 1 1
1955 5 1
5160 2 3
6470 5 1
4780 5 2
5212 1 3
8490 3 3
3876 3 4
7327 2 3
3536 4 5
847 4 4
229 2 5
6711 1 4
4934 5 4
5050 3 4
3975 2 5
1214 3 2
6992 3 1
7859 2 2
4735 5 3
7927 3 4
7516 2 2
1772 5 1
7447 3 4
9445 4 4
9012 2 2
5529 3 1
1268 2 1
6010 3 2
4330 2 5
5519 5 3
250 1 1
2053 5 3
8352 1 3
3402 4 2
2354 1 4
1653 2 5
7065 3 4
2567 2 3
1120 2 3
6894 3 4
8861 4 4
9022 1 2
8734 2 2
200 3 4
9332 3 1
8399 5 3
1745 4 2
4201 5 4
7338 1 5
4690 3 5
9922 1 2
8395 5 4
8296 2 5
3020 2 3
8396 3 4
4800 1 5
6029 4 1
9151 2 3
8566 2 5
5505 1 1
3944 4 1
7728 3 3
741 3 4
4445 1 3
444 5 2
2476 5 1
9773 5 4
4221 2 3
6700 3 1
6823 4 4
2833 2 5
7477 1 3
403 2 3
5265 2 3
963 2 1
6234 1 1
6403 4 4
964 3 3
9169 2 1
2322 2 4
6579 4 3
2541 4 5
2246 1 1
7831 3 5
5984 4 5
2602 3 2
7667 2 2
9210 4 2
580 4 1
9251 2 3
37 4 5
6057 5 4
7550 4 2
5689 5 5
395 5 4
1463 1 2
379 4 5
8082 4 2
1708 4 2
6860 2 1
4658 2 2
6289 3 1
5077 4 5
1083 3 3
7577 3 1
7138 3 4
6158 1 2
7819 5 4
21 4 2
5095 3 3
5752 4 3
9666 2 3
2685 3 2
8720 5 2
604 1 1
2969 4 5
7584 4 3
6681 3 4
3480 4 4
9795 2 4
1392 1 1
2671 1 1
4142 2 4
5027 4 4
8 4 1
33 5 1
4159 5 3
8056 3 2
3488 2 4
6861 1 2
671 5 4
5551 5 4
1353 4 2
2317 1 5
1677 4 4
3476 1 5
3725 2 2
1413 4 3
1645 3 5
6677 4 4
3707 3 3
3369 4 5
8964 2 2
8048 3 4
3925 3 5
5475 5 2
7414 2 1
4287 3 3
515 2 3
4083 5 5
1628 4 2
4173 3 3
7767 5 3
5429 3 5
5051 1 4
2316 3 4
3644 4 5
7752 1 1
5002 5 1
7338 5 2
1464 4 3
3031 5 1
9834 1 3
9272 3 2
562 2 1
1945 4 1
8391 3 1
4074 1 1
2525 3 2
4907 5 3
5219 4 3
6804 5 5
3152 4 1
7089 4 3
1619 2 2
5360 3 4
38 1 3
1782 2 5
1541 2 1
2768 3 3
8332 5 4
8589 5 3
8906 1 4
7979 3 5
8320 4 2
8757 3 4
175 1 4
2058 2 5
7615 4 3
812 4 5
8904 4 4
1215 2 5
1885 3 2
1059 3 4
5932 1 3
2153 5 3
2207 3 5
9047 2 5
4408 4 2
1422 2 1
778 3 5
7747 4 1
2651 5 5
5271 4 2
4403 4 2
4536 5 4
9805 1 2
846 2 4
9651 1 1
2981 5 3
4857 1 5
9464 5 1
3464 4 3
7192 4 2
2402 1 2
6072 2 5
5298 3 3
7281 4 1
4833 1 5
3036 3 5
930 4 2
6454 1 2
7268 3 1
139 3 5
3086 3 3
2405 5 1
5222 3 4
8322 2 4
2421 5 2
9627 1 5
8784 5 4
9533 2 5
8230 1 1
5208 3 4
4510 2 2
4504 4 5
1662 4 2
3691 1 2
7577 1 4
7260 3 4
9201 2 4
3194 1 4
8710 4 4
9540 2 4
9091 3 4
7926 3 5
9447 5 2
6974 3 2
8615 1 4
3309 5 4
6016 3 2
8258 2 5
9797 4 2
1924 4 3
8030 2 3
9641 2 4
9318 5 1
8458 5 4
4259 3 4
204 5 2
8804 5 5
8579 1 2
6741 4 5
9832 4 2
3000 2 3
1793 3 5
2987 2 4
2964 2 2
8399 4 5
4048 2 4
5005 4 3
9514 1 2
3735 5 4
9136 5 3
6027 5 1
8709 3 3
5787 1 4
2562 5 5
3507 3 3
7594 1 2
1648 1 4
9188 2 2
5746 3 1
1439 2 5
4996 2 5
9509 2 4
3340 3 1
469 5 3
6081 4 1
8763 1 4
828 3 4
8165 3 1
9102 2 1
784 4 5
2984 2 2
1754 5 5
7267 4 2
9440 4 5
1603 5 3
2456 5 3
8374 3 2
9296 4 2
2586 1 4
7619 2 4
2569 2 2
7878 3 3
4471 2 2
6314 5 2
8989 2 3
8303 5 2
1764 4 4
4945 4 5
4172 1 1
6011 5 1
8048 2 2
6809 4 5
2525 4 5
8862 3 4
277 5 5
8077 5 2
9708 4 5
9431 4 1
2941 1 4
5286 4 3
6981 2 1
1301 4 1
392 5 3
1782 4 1
4156 5 1
1180 1 5
9387 3 5
8474 5 4
4064 3 5
2086 1 2
2474 1 4
1050 5 4
8407 3 1
5555 1 3
54 1 3
3634 2 5
3052 3 5
6343 2 5
5020 3 2
6896 2 1
4780 4 2
8625 5 1
9179 4 2
1611 1 5
1866 2 4
7758 1 2
9395 3 3
9398 4 5
5093 5 1
3123 2 2
3232 3 2
4901 4 5
8623 4 5
3371 3 4
8752 4 3
4410 2 5
115 2 2
4786 2 1
9760 3 5
2095 1 2
6319 4 4
8295 1 5
8873 4 2
4959 3 2
9099 3 5
1604 2 3
9963 4 1
8552 4 2
4715 5 1
7570 4 2
3236 3 1
7236 5 4
9240 4 5
1482 4 1
596 4 1
4633 2 3
454 1 4
8662 5 1
6764 4 4
4207 3 3
3399 2 3
4420 3 4
7826 3 4
6591 4 2
3324 5 2
8282 1 1
2729 2 3
2194 4 4
1625 4 1
5298 4 3
7485 4 5
781 1 4
2704 2 3
5449 5 4
4950 5 1
9423 1 4
5661 4 3
8880 2 5
3427 2 2
1868 2 2
4706 3 1
1747 4 4
7096 3 3
9251 2 5
7910 2 4
2443 1 1
4963 1 1
7623 2 1
3244 1 4
3791 2 4
4169 5 3
9573 1 2
5943 4 2
7148 2 5
9060 1 1
23 3 3
7047 1 1
9551 4 3
3758 3 1
1731 5 3
1521 1 1
1780 1 2
7512 4 5
3190 1 1
9089 1 2
5684 2 1
9646 5 1
7809 2 3
9091 1 2
1679 1 2
6081 5 1
7793 2 5
8399 1 5
5778 4 1
3330 3 1
4871 3 1
4107 3 5
5081 5 2
6439 5 1
7837 5 5
7719 2 4
9882 4 1
6697 5 3
576 3 4
8271 2 3
427 3 5
7405 5 2
1255 5 4
9269 3 2
280 1 1
2960 4 4
8712 1 4
4853 1 5
7316 4 3
1643 2 4
4343 5 2
3715 2 4
8792 2 4
1178 3 3
91 2 2
598 2 3
5170 5 1
4277 2 5
2402 5 4
7796 3 1
3498 1 5
1645 4 1
4409 5 1
8068 2 1
8274 1 2
42 5 2
8414 5 2
770 2 3
3967 4 4
2131 5 1
5702 3 4
8178 2 2
7692 1 5
3954 4 2
6768 5 4
2205 3 3
3577 5 3
3848 3 1
6874 5 1
9506 3 1
3907 1 3
2963 4 1
605 5 5
909 5 5
7424 2 2
3967 3 1
8393 4 1
5132 4 3
679 5 1
6992 3 4
1777 2 2
3313 5 4
817 2 1
3823 2 1
3273 2 5
7115 2 2
7950 1 3
4232 2 4
7796 5 4
2992 1 5
4091 3 1
4466 4 5
4276 3 1
7344 3 1
6379 4 4
3202 5 3
1631 4 1
9142 4 2
1661 3 2
6878 2 2
5014 3 3
1454 4 2
6552 1 4
5737 2 5
2446 3 5
8579 2 5
1001 3 1
8576 5 3
720 5 3
9986 2 5
8497 1 4
4176 4 1
3407 5 5
1937 2 2
430 4 3
857 4 4
2112 3 4
2764 1 2
537 3 1
7022 2 5
3806 2 5
774 1 3
6038 2 5
754 2 4
5086 1 2
7794 5 3
2855 3 5
5936 1 4
9278 3 4
9430 2 2
2375 5 5
6584 1 5
6984 4 2
1958 5 3
6339 3 5
7205 5 1
9119 2 1
1742 1 5
6881 4 1
5904 4 4
9488 1 2
3693 1 2
254 3 3
3374 2 4
2799 2 3
8769 5 2
9878 3 5
1695 2 5
2208 1 4
8133 4 5
1557 5 4
3786 1 4
687 5 5
6245 5 5
314 3 2
4980 1 5
7067 4 4
8224 3 1
449 1 4
9455 4 5
6888 5 1
1368 5 3
629 4 4
7657 5 5
9733 4 1
5681 4 2
5729 3 2
5132 3 5
1988 1 1
7481 5 1
1365 3 5
3219 1 1
4573 2 4
6401 1 5
8079 5 4
8515 5 1
7443 4 2
7007 2 1
4415 5 4
535 4 4
8022 1 3
1541 2 4
9684 5 3
2528 2 3
9857 5 4
7992 2 4
7199 2 3
7183 2 1
9456 1 5
6289 2 5
1058 5 4
9343 2 5
4071 2 3
6856 3 1
9526 5 4
3458 1 4
7311 4 3
4753 1 5
7732 4 1
2254 1 1
7232 4 5
4987 3 4
7415 4 4
4986 2 2
7661 5 3
227 2 4
5966 5 4
5831 4 1
5341 3 3
6830 2 3
8998 5 2
7871 5 3
1333 4 1
6676 3 2
2673 1 1
1346 3 5
2196 4 5
2045 4 1
659 4 3
9829 1 1
4793 4 3
3217 4 5
655 5 3
9261 5 5
8081 1 4
8334 1 2
2940 5 4
221 1 3
9605 3 4
6181 1 4
3741 5 3
8166 3 1
2735 4 5
3382 3 4
9559 5 1
5391 4 3
2661 2 3
2827 4 4
4843 5 4
4674 4 1
5752 2 3
8128 1 3
3789 1 3
4448 1 5
5058 2 5
7067 1 3
3721 5 4
2259 2 4
1070 3 2
9095 4 2
9164 3 4
405 3 2
9763 2 2
5418 1 1
9983 3 2
2045 3 4
6093 3 2
1986 5 4
3098 4 5
6121 4 5
3042 1 5
622 2 1
1106 4 2
6820 4 4
2160 2 4
6901 1 3
9124 4 2
3295 1 5
1948 5 2
8173 5 3
588 5 3
8957 5 5
7384 3 4
8689 4 2
1459 3 3
3596 5 2
6119 5 2
7931 5 2
7605 3 1
9117 2 4
7673 4 3
8775 4 3
5845 4 1
6112 2 3
347 1 1
872 2 2
6917 5 1
4082 4 3
3649 3 2
1176 5 2
9186 1 1
4473 5 3
9211 2 4
3197 3 5
4445 1 5
4821 5 2
5152 1 3
3494 3 2
3998 2 3
7271 5 5
8571 2 1
2074 1 3
2158 2 4
32 4 1
7890 5 2
6124 5 2
5049 1 4
9829 2 2
5883 2 2
1410 4 4
9322 5 2
6289 2 3
1024 5 5
7809 3 2
1136 2 2
6725 1 1
3880 5 4
9141 2 2
2982 4 5
5407 4 1
5717 3 1
5358 3 5
3760 1 3
3459 1 5
9390 1 2
3147 4 5
3108 2 2
4821 5 4
1173 2 5
4035 2 4
6553 5 5
405 2 2
1223 1 5
1850 4 4
3925 5 3
6407 3 4
3538 4 5
9976 5 2
3062 4 2
2068 1 1
6670 4 1
6002 4 5
8600 3 5
2318 4 1
8259 5 3
8642 2 2
503 2 5
7930 2 4
2438 1 4
8721 2 5
9915 2 1
8610 3 2
5026 4 4
2267 4 2
9175 2 5
6766 4 3
4501 3 2
6827 5 3
1748 2 1
5197 1 3
1752 4 4
6904 3 1
2728 4 3
1718 5 5
6385 4 5
9735 2 5
3142 5 5
1063 4 1
5658 1 4
1843 3 3
3927 2 3
8441 4 2
7381 1 2
2084 2 3
8973 5 4
3364 5 3
6970 2 1
6164 1 5
7196 2 3
4567 3 3
9280 1 1
2983 2 2
6492 3 2
9220 4 5
4146 2 2
2105 2 3
7251 5 4
4315 1 5
1609 3 1
1695 2 2
1863 1 1
940 3 3
6700 2 5
7265 5 3
5287 1 1
7594 5 4
1637 4 5
5835 5 1
7592 1 1
5902 1 4
3380 2 3
468 4 3
2751 4 4
9356 3 5
1018 5 1
3505 4 2
5451 1 3
2526 1 2
1603 3 4
6172 1 4
2344 2 4
4310 1 3
7046 2 3
1528 4 1
820 1 5
2452 4 3
3539 4 1
5389 5 1
7939 5 4
2941 2 1
8452 2 4
672 2 5
1517 4 4
7588 4 1
5223 3 5
7382 5 4
3615 5 5
4989 3 5
9044 2 5
1266 2 1
6228 3 3
9480 2 5
9817 3 1
8145 5 3
746 2 4
4016 3 5
571 3 2
9580 4 4
1113 5 1
3020 2 2
6569 2 3
1150 2 3
1686 1 4
8355 4 4
3548 5 2
1609 3 4
669 4 2
5877 4 4
3443 3 4
8115 2 1
7064 5 2
5879 2 1
5310 4 3
3283 4 4
1064 4 1
9476 1 4
5697 5 4
4760 5 2
3003 2 1
2224 5 2
243 5 1
4593 4 1
2922 3 5
4360 4 2
1325 5 2
6864 2 3
3280 1 1
3993 4 5
7917 2 5
8921 2 3
1781 2 4
3783 1 5
7787 2 5
162 3 4
9091 3 4
1073 4 4
4863 1 4
9951 5 5
3682 5 3
3708 3 3
630 4 4
468 2 3
5891 5 1
7781 2 3
862 1 2
383 3 3
2664 2 1
6945 3 1
2654 4 3
7951 5 1
2218 5 3
2184 1 5
5168 3 4
159 2 5
262 5 1
5100 4 5
4008 2 4
3894 2 4
6924 4 2
7960 1 5
5557 1 2
4208 4 4
5188 4 4
9360 4 4
6957 5 1
3069 5 4
863 3 3
1983 3 2
5749 1 5
636 1 5
811 3 4
457 3 5
9866 3 3
1067 3 5
3090 1 1
9923 1 1
851 4 2
6666 5 3
441 5 1
3585 1 3
8493 3 1
891 1 4
6334 3 4
6039 5 5
2676 5 1
1542 4 1
3124 4 2
3604 1 1
5633 2 5
8113 5 3
3735 5 4
6588 1 5
6916 4 2
9510 4 5
9167 2 5
1976 4 1
5397 5 1
6943 5 1
8102 4 1
9838 3 3
2612 1 2
8958 4 5
584 1 2
4837 4 5
8162 1 2
3846 4 3
7638 4 5
1230 2 5
3191 2 2
990 3 3
3483 3 2
5534 5 3
2829 3 3
752 2 2
6102 5 3
2790 1 2
1420 1 4
2120 3 1
7933 4 1
4705 4 1
2762 3 5
7168 2 5
1402 4 3
8442 4 1
5786 2 1
6447 4 4
8231 5 3
6849 1 3
8471 2 4
237 5 2
8479 4 3
9638 3 5
6903 4 5
4012 5 3
5748 3 1
7488 2 3
5059 5 1
3284 2 5
2970 3 1
4201 5 5
1278 4 4
9486 4 1
5314 2 5
9490 5 4
9593 1 2
6840 3 3
9273 4 5
6456 4 1
4347 1 5
7966 5 5
4093 2 5
8736 4 5
6221 5 5
6571 1 4
161 5 1
4045 4 1
2086 4 4
8850 1 4
8983 2 4
3846 5 3
3827 2 3
9107 5 2
2456 1 5
3336 4 1
7238 1 5
759 4 3
5730 3 1
6145 4 5
5830 4 3
1568 5 3
4497 3 1
8826 3 5
1504 4 1
3147 2 4
3454 3 5
8276 3 3
1699 1 1
5842 1 1
1510 3 1
8540 2 5
6356 3 3
2748 5 2
5104 2 1
952 5 2
99 3 1
1993 4 3
3872 1 3
7270 2 2
1564 4 4
1934 5 3
2976 4 3
5978 3 1
2781 3 2
9413 4 1
1209 3 4
6287 3 4
3648 4 3
3114 5 4
767 5 2
9976 4 4
1934 1 5
1949 3 2
2829 3 5
3344 2 2
3572 2 4
7682 1 4
826 3 4
2991 5 4
5921 4 3
5255 5 2
8281 2 1
7818 5 4
1748 2 3
2564 5 2
9560 1 5
1538 4 1
6255 1 1
1973 3 3
8838 3 5
8621 5 5
4213 5 1
1186 4 5
6499 1 3
7784 1 5
342 3 3
8492 4 5
2453 2 2
2789 1 1
5967 5 4
1681 1 2
9851 5 4
1055 1 3
6764 4 4
1788 4 4
7131 5 5
5487 5 5
4601 4 4
31 1 4
6215 4 5
3515 2 3
4587 1 3
615 3 3
3841 1 5
8874 1 1
3847 1 4
4788 4 1
8006 2 2
6920 5 1
264 1 2
8178 3 4
7541 5 2
6708 3 3
2246 4 1
3261 4 2
8598 2 2
1181 5 5
3393 2 4
7157 1 4
7726 5 1
2173 2 5
6185 4 2
5977 1 5
8180 4 3
7488 4 3
3235 5 4
264 2 1
1560 1 2
3183 1 2
1075 2 5
4212 1 5
2020 2 2
218 4 4
210 2 2
1593 5 3
5569 1 1
3323 1 5
3906 5 4
5708 4 4
3965 3 2
3070 1 4
2252 2 1
8414 1 4
2187 5 1
301 1 3
5967 2 1
1656 2 4
1524 3 1
6853 2 2
8687 1 4
8408 5 2
2053 5 5
2642 1 4
1459 2 4
5679 3 2
1002 1 3
4094 2 3
414 2 5
286 2 5
1257 1 5
6205 4 3
6684 4 3
6454 2 3
2615 2 1
5752 1 2
6409 2 5
5046 4 5
7367 2 4
3637 5 5
5718 4 2
4738 1 5
2412 2 5
7940 5 5
2841 2 5
6405 2 3
3408 2 3
1922 5 4
6776 2 1
2322 2 4
3108 3 5
9556 4 5
7817 4 4
7719 5 5
4142 1 4
8033 1 4
6923 4 2
8063 1 4
2063 2 5
7129 2 1
3171 4 5
2493 1 1
3627 2 4
6978 4 5
8845 5 4
4488 3 3
8298 1 3
4189 3 1
813 1 2
4044 3 1
8602 5 2
1194 3 5
7239 1 2
1193 2 5
2352 3 5
9730 5 4
1539 3 3
3697 2 3
3713 2 2
8881 5 2
6838 5 5
7935 5 3
727 3 2
8123 4 4
5547 2 5
5223 2 4
8509 5 1
5757 2 3
2374 1 2
4342 3 1
3580 4 3
3841 5 5
3327 4 3
7148 4 5
3952 3 2
6037 4 2
5651 4 4
2326 3 3
3860 5 2
347 2 3
4979 2 1
7390 2 5
3675 1 2
3169 5 1
6056 4 5
9924 4 5
1950 2 3
6617 2 2
2736 5 2
9830 2 2
3641 4 2
4127 2 5
5504 5 5
7767 4 2
5059 2 2
8934 1 1
8160 3 1
8978 3 4
1012 1 2
2579 5 4
6943 5 4
2463 5 3
9667 2 4
4347 2 1
7408 2 3
5019 4 2
6441 3 4
3667 5 3
4668 1 3
6739 1 5
9830 4 5
3293 1 3
1946 1 2
1425 5 3
3173 1 3
258 2 5
8546 3 4
2754 1 1
9607 1 1
3060 5 3
6919 5 5
7670 2 2
223 4 2
6605 4 1
6485 4 4
6306 3 5
550 4 1
5965 4 5
8333 4 2
4661 3 2
4485 5 3
9491 5 1
1520 2 2
8657 2 4
1547 1 2
8743 5 4
9973 2 2
3334 4 5
4380 5 3
9497 4 4
471 4 1
7988 5 1
7340 5 5
8391 2 3
3391 2 4
2075 4 3
9429 1 3
4360 4 5
4357 3 2
1944 1 4
1652 1 3
7646 5 4
1682 1 4
9038 4 1
4280 4 5
4866 4 4
8097 5 2
7876 3 4
2321 2 2
3377 4 5
5644 5 5
390 3 1
6875 3 1
827 3 2
9399 4 2
3766 4 2
8449 4 2
4231 2 1
7667 3 5
6723 5 3
1754 3 1
170 1 5
5091 5 3
6686 1 5
4395 4 1
9145 1 1
7597 5 4
4378 4 3
7723 4 5
6144 4 4
8226 4 1
9562 1 1
5015 4 5
5763 3 2
8696 5 2
6582 5 5
1174 4 1
2549 3 5
648 3 2
8721 3 4
8807 5 2
8008 1 3
7100 3 2
2883 5 5
9357 3 2
1496 1 2
9512 3 3
5673 2 1
1621 3 1
3099 3 2
4689 2 2
6765 3 4
5300 2 4
7475 5 5
7894 2 1
1635 1 2
4131 1 4
5786 5 3
1290 1 2
6037 5 5
2021 1 4
8529 4 5
4471 4 5
3852 4 5
5861 3 5
3412 5 1
9905 4 1
5820 3 2
7754 4 1
4925 5 3
5878 1 4
8527 2 5
3811 5 4
4207 1 4
8259 1 5
4886 3 5
468 4 2
5105 2 2
317 5 2
2842 5 5
1376 2 2
5632 5 5
2183 1 3
6717 2 5
1235 4 4
9837 2 3
6752 5 2
9155 2 1
2138 3 5
486 4 1
6388 2 4
394 4 4
4651 1 3
7211 5 1
9078 1 2
2253 4 2
338 2 3
5713 2 2
4056 4 4
3661 2 3
2788 3 4
1967 5 5
2024 3 1
2318 3 1
7610 2 5
4050 5 5
2801 5 2
1194 4 2
1099 4 2
1935 5 2
9387 1 4
9681 3 1
9284 3 4
637 1 2
6106 1 5
2560 1 1
1939 5 5
4336 5 5
8943 5 1
8160 2 1
8586 4 3
5479 4 3
2323 1 3
3755 1 1
5015 4 2
6498 2 1
5505 3 3
6025 4 1
8848 3 5
8998 4 1
3908 4 4
9265 1 3
4858 1 2
4314 5 2
8153 2 5
3710 3 1
9197 1 3
5112 4 5
752 3 2
3435 2 2
4672 1 2
5206 5 2
9847 1 5
377 5 2
9382 3 4
4685 2 3
9716 5 1
1683 2 2
1004 1 5
399 1 5
8800 3 1
4321 5 4
2356 3 4
7420 3 5
68 1 4
674 1 3
9668 1 5
4355 2 2
233 3 1
7224 1 5
1771 4 5
4101 3 3
9891 3 4
2748 1 2
3604 3 3
950 3 3
7397 4 3
936 5 5
7787 3 4
6619 3 4
2272 1 4
3092 5 4
6060 4 5
2222 3 3
6668 4 2
2041 3 2
5457 5 1
146 5 3
1123 1 2
5461 4 3
8461 5 1
5693 1 1
5716 4 1
7297 3 1
1727 4 5
8153 3 1
9115 4 1
640 5 2
2285 5 4
6238 4 1
4021 3 1
2719 1 4
7586 4 4
1914 1 1
7593 3 4
9644 5 2
3575 1 3
4386 5 3
5545 3 2
7522 4 4
1865 1 4
495 4 1
9707 2 1
5516 1 3
7012 1 2
9285 4 4
2826 2 1
3322 5 5
9793 5 4
6638 4 3
826 4 2
4938 4 3
3625 1 5
3134 1 3
3429 1 4
8762 2 5
273 5 1
4934 5 4
8602 1 3
7536 1 5
1382 2 2
3098 3 4
4014 3 4
171 2 4
8385 2 4
1446 1 3
1885 2 5
3075 3 2
485 3 5
652 1 2
9902 1 2
1176 4 5
2423 4 3
624 5 3
960 4 4
5136 4 4
2510 3 2
1669 4 3
5888 1 4
4433 2 1
901 1 4
4875 4 2
3662 4 4
8338 5 1
8122 2 4
5437 2 2
5108 4 2
3185 2 5
6521 2 1
3977 3 3
998 1 2
8570 4 3
8387 1 2
2205 4 5
6860 1 3
7266 2 5
3666 5 2
3707 2 1
3162 4 5
9964 2 1
9892 2 2
8637 1 3
5421 1 4
4552 5 1
6112 1 5
1705 5 1
2470 3 1
2883 1 1
1183 2 1
2096 3 4
3154 5 1
721 5 3
5718 4 4
8151 4 1
8202 3 4
2850 2 5
6064 3 1
2362 4 1
28 1 5
5347 5 1
8187 4 2
1867 4 5
5718 4 5
1110 5 4
2693 3 1
2131 5 5
5617 2 2
348 1 2
374 3 1
6435 1 1
1346 4 1
4062 5 1
8211 2 5
2362 3 1
7005 4 4
7941 4 4
6215 4 4
8364 1 4
9712 2 4
782 3 4
2412 5 3
8420 3 1
7576 3 4
2155 4 2
4100 4 2
948 5 1
2057 2 3
4910 4 5
2120 5 2
3627 5 4
2742 5 2
7170 2 5
4923 3 3
2717 1 1
8043 5 3
7711 3 5
7090 5 4
697 1 3
9818 1 1
3934 1 1
3778 1 1
4991 5 5
6936 2 5
8691 5 5
327 5 4
7478 3 5
5899 3 4
1732 2 3
3608 1 2
9919 4 1
7553 3 5
6780 2 2
3483 4 1
1318 5 1
8108 5 2
6470 1 2
8878 3 2
2059 2 2
6672 4 4
7143 3 3
3246 3 1
7382 5 2
6381 3 4
2222 3 3
6599 4 2
823 5 4
8110 4 4
5186 5 1
1852 2 5
654 5 1
7143 5 5
7516 1 3
8239 1 1
4105 3 4
7681 1 4
3931 2 2
958 4 4
3490 2 5
9712 5 2
6112 3 3
6462 4 1
9968 5 1
992 1 2
5473 1 4
9287 1 5
7515 3 5
6600 3 2
3352 2 2
6001 2 2
2240 4 4
9243 3 4
2393 3 1
5325 4 3
4117 4 3
4182 5 5
8030 2 1
200 1 4
9673 2 2
1839 1 5
7164 4 1
9902 3 2
3997 4 4
8095 2 3
2559 1 3
4411 5 4
9227 2 3
7393 5 1
2923 2 3
2330 5 4
6982 2 5
7522 4 1
6646 2 4
1694 1 1
5304 5 3
4566 2 4
7028 4 1
2597 1 4
2105 3 1
8864 4 4
9751 5 4
4289 2 4
7819 3 2
4147 5 5
746 3 4
2538 4 4
1867 2 1
6083 4 3
6691 3 3
6323 4 5
8688 2 4
9749 3 2
7035 4 5
8506 1 3
3818 3 2
4711 2 5
2585 3 2
5209 4 3
8965 3 1
2597 1 3
9861 3 2
9382 4 1
1424 2 5
8399 4 4
5469 4 3
3004 5 2
6745 4 5
6429 2 3
6846 4 3
7940 5 2
4052 1 5
6577 1 2
2945 3 5
8058 4 5
9258 3 3
8101 2 2
8816 1 2
5188 4 1
1705 4 3
1564 2 2
1829 2 1
4974 3 5
3827 2 3
8004 2 5
2002 4 4
3503 2 2
2749 2 3
3312 2 3
8705 1 2
5281 5 1
9458 1 2
206 1 4
3715 1 4
1194 5 3
6539 5 4
9757 3 2
952 4 5
6034 4 5
8822 2 2
170 1 1
1176 2 5
6322 2 2
7797 1 3
4755 5 2
5801 4 4
8072 1 4
7094 2 1
69 2 5
798 3 3
6001 4 3
2792 4 1
3041 2 5
5333 5 1
4014 4 5
5950 4 4
9125 5 2
7212 3 5
2196 4 4
1048 1 4
4087 2 3
6302 1 1
8734 4 5
5474 1 2
9157 3 4
9890 2 2
8428 5 2
3152 4 1
5495 2 2
7214 3 4
7499 1 3
3946 4 2
7024 3 3
4833 4 4
2938 3 1
682 3 2
8330 1 1
5830 1 4
3114 3 2
9435 3 1
8409 3 1
419 5 5
6316 3 1
1835 3 3
1366 2 1
2479 3 5
9328 1 2
6878 2 5
8276 3 4
5032 2 5
8735 3 4
8820 1 2
9126 1 2
5155 1 1
9720 3 4
6808 5 3
5416 4 3
5082 2 3
5261 3 3
6772 5 5
8882 5 5
7587 5 5
7116 3 5
682 2 5
384 3 4
6541 3 5
7530 4 2
587 1 3
2313 1 3
793 1 5
1884 2 3
9249 2 4
8585 2 5
4256 3 3
7065 5 2
3472 4 3
7475 2 5
4170 4 1
4913 4 5
9453 4 1
3341 3 3
3352 5 3
7823 3 5
9795 2 1
1891 5 5
8754 2 3
1308 5 2
8787 2 3
3987 1 3
5964 4 1
3287 3 4
3453 1 4
5941 3 5
5506 3 5
9085 2 4
8996 2 2
9838 3 5
1549 4 3
6853 1 3
7826 1 5
2881 2 5
2770 3 4
1726 4 1
5459 3 3
5649 5 1
6511 2 4
378 5 5
1261 2 5
9149 5 2
8445 1 2
377 4 1
9678 3 3
7193 2 5
6170 2 2
5225 4 4
3856 2 3
395 4 2
3614 3 1
7476 4 3
258 1 4
4077 3 2
1807 1 3
2158 1 1
2436 4 2
7298 2 1
4235 3 5
5100 1 2
1727 1 2
5161 2 5
5131 1 3
5567 4 5
6306 1 3
7912 1 3
2570 2 4
3468 1 4
6930 4 4
8596 5 5
9029 2 1
3366 2 2
7532 4 2
4666 3 5
2597 3 2
6501 2 4
8512 4 3
1900 5 2
604 1 5
4524 4 5
737 2 5
814 1 2
7894 1 5
4133 2 5
8067 5 3
7817 4 1
3910 1 1
6657 5 2
6977 5 3
772 1 1
4050 2 3
4225 3 4
6029 5 2
9999 3 5
9511 3 3
2168 4 4
9093 3 4
475 3 5
788 4 2
4498 4 1
2402 1 4
4881 4 5
6628 4 3
1377 5 3
591 4 3
5393 5 3
4967 5 3
1380 5 5
7308 5 5
6590 4 2
8189 3 3
9669 4 1
4727 4 3
1449 3 2
2896 3 1
6739 5 4
101 3 1
581 3 4
3752 3 3
6989 3 1
9094 2 4
700 4 3
8731 1 5
8363 2 3
3902 4 4
9746 4 2
7844 5 4
5012 3 4
3801 3 2
6225 2 1
4627 1 4
5168 3 2
8456 4 3
1628 1 2
1692 1 5
5952 3 2
3059 5 1
7672 2 2
7116 4 1
3887 1 5
3194 5 4
8881 3 4
3914 4 3
9959 3 1
3401 1 4
9833 5 2
6779 2 4
4450 2 3
6915 1 3
3800 1 1
6349 1 2
7453 2 2
3240 4 2
5044 1 5
568 4 4
8896 5 1
5945 3 4
6420 4 4
1183 5 2
3017 2 2
1203 3 5
1146 2 4
4543 4 3
1602 3 5
4375 3 4
9462 1 5
3183 5 3
2449 2 1
8881 2 2
7600 1 2
3153 1 1
1118 4 5
1633 4 3
8037 4 2
7436 4 5
8998 3 3
5951 2 3
5385 4 2
8843 3 2
5390 3 3
3242 1 3
7681 1 1
1638 1 1
3315 2 5
3215 2 1
4758 1 1
9603 3 2
9393 1 5
785 2 2
2318 4 3
4253 3 4
3108 5 5
3947 4 5
444 1 3
7275 1 5
957 1 2
7802 3 2
8775 4 2
6169 4 2
6587 1 4
1692 1 4
4029 3 4
4929 4 5
2368 3 3
3814 4 3
4500 4 2
8542 5 4
5132 4 2
9730 5 1
159 3 4
409 3 1
6307 5 2
4464 1 4
7808 3 3
1588 1 4
9004 3 4
7856 4 1
889 5 5
9146 1 1
1166 4 5
2488 1 1
2599 4 2
8506 1 5
2232 2 4
3193 5 1
8070 3 3
7236 1 3
2449 2 1
4859 3 5
9188 1 1
2553 4 1
3647 1 5
783 3 5
4426 3 4
6033 3 2
4787 4 4
5380 4 2
3663 5 1
7164 1 2
8067 2 5
8730 1 2
7682 3 4
87 4 1
5770 5 1
582 2 4
7104 4 1
6296 5 1
5240 5 5
9989 5 2
7276 2 3
9779 4 5
2273 1 2
667 3 5
8055 4 4
459 3 1
5893 2 1
8261 5 4
2738 5 5
2152 5 3
8590 5 5
9861 3 3
4938 5 4
5311 1 1
5709 5 3
7776 1 3
6402 2 2
5240 3 2
398 5 3
7379 3 3
5783 1 1
2604 4 4
5536 4 4
3259 1 5
8485 2 3
1864 2 2
6679 2 2
7022 2 1
2014 3 4
2076 5 3
4451 5 1
3719 1 2
846 1 1
7877 3 1
2304 4 2
9123 2 3
5925 4 5
1236 2 4
3795 4 4
680 3 4
5171 1 3
2884 1 2
8380 1 3
4954 1 5
3145 5 5
5972 3 1
1817 3 1
8577 3 3
4269 4 3
6104 1 5
6032 3 3
4219 4 1
9806 1 1
9159 5 4
9712 4 1
6070 4 4
3527 4 4
181 1 2
4657 1 1
4632 2 1
4361 1 4
7746 3 5
2991 4 1
3199 2 1
836 1 5
7036 1 5
4698 1 3
1810 1 3
6269 1 4
4803 3 2
1255 5 1
6584 3 2
5376 4 1
6430 1 5
2441 2 4
4062 1 3
2271 2 3
1771 2 2
43 1 5
3662 5 2
811 2 1
9752 5 1
9389 3 3
7628 5 3
6553 5 4
2053 4 4
9649 1 3
3329 3 1
7485 1 3
8406 3 4
5205 4 3
2629 3 5
8380 2 1
500 4 5
4951 5 3
3143 1 2
8812 1 5
5234 5 2
873 2 5
4030 3 3
3525 1 4
8942 2 4
1888 3 3
170 2 2
8836 5 1
2321 1 3
3998 5 2
9939 4 4
9683 2 3
1033 4 4
8740 5 4
5438 5 2
6909 4 1
6657 3 2
7361 4 5
4560 4 4
628 2 4
8160 5 4
3828 4 3
226 3 4
462 4 4
7125 4 2
7481 3 2
1178 4 2
2090 5 3
6120 1 4
6669 3 2
3763 3 4
2004 3 4
5430 5 4
7846 5 3
5197 2 4
9811 1 5
3463 4 4
6504 4 2
6594 5 2
9388 3 4
2055 4 4
1177 4 4
8272 5 4
8949 4 1
4453 2 4
4706 2 4
896 5 3
8763 2 2
6941 2 3
5166 4 1
3400 2 1
6391 4 4
7001 1 3
7085 3 5
1483 4 2
9049 5 1
2377 5 1
8726 4 2
2903 5 2
1151 2 2
7180 1 4
3216 4 3
2026 2 3
554 3 3
3882 2 2
6351 4 2
1056 5 2
7355 1 4
5336 5 2
9842 1 3
9697 3 4
9301 3 3
8395 3 4
4512 3 2
7698 5 3
6318 1 3
8001 3 3
916 5 5
3383 5 1
6963 5 1
4729 5 2
5017 1 4
1261 2 5
8692 1 2
5437 1 1
7410 4 5
6958 2 4
6616 2 5
121 4 3
9429 5 3
9798 4 5
1091 3 5
5000 5 2
810 1 5
3584 3 5
2812 2 4
8583 2 3
614 1 4
2676 5 5
8152 2 5
9723 1 5
9377 5 5
42 4 1
3889 2 2
5556 3 5
2571 3 5
4713 4 1
2426 3 5
4171 5 2
3368 1 4
2988 5 2
9450 1 2
1713 2 3
8992 4 5
859 4 4
218 1 2
9941 3 4
8329 1 3
5160 5 1
3415 2 1
1162 1 2
7097 5 1
9115 4 5
6645 5 2
6984 4 5
5916 5 5
4218 2 2
6143 1 5
7435 4 4
1683 5 2
9808 4 5
2356 2 1
9735 1 4
9473 1 2
4279 5 1
6372 1 4
3595 1 4
3423 3 3
2845 3 5
1040 2 1
8661 3 2
6936 2 3
4873 4 1
6527 5 3
4602 2 4
9032 4 4
3160 5 1
9946 5 3
1299 2 2
6259 5 3
2296 2 3
7452 4 4
315 4 3
482 3 5
8305 4 1
1499 4 5
7468 3 2
2188 4 3
8427 5 3
7832 4 3
7069 3 5
5773 1 4
3436 5 3
3581 3 1
5927 5 3
1934 2 2
2690 1 4
1525 4 5
3701 2 1
4962 5 4
7596 2 5
1532 4 3
2263 2 4
3462 2 2
9781 3 3
6563 2 2
1715 1 5
7183 2 1
6449 1 4
5171 4 1
6964 4 4
3200 3 4
5794 1 2
7591 3 5
7880 5 2
2385 5 3
3177 5 4
2380 5 5
5417 2 2
1115 3 5
6293 2 1
3444 5 2
2153 3 1
4277 4 2
8519 5 5
9811 1 5
7498 2 2
202 3 3
3330 4 2
6550 5 4
297 3 4
792 3 2
4006 4 3
6154 2 1
7942 1 5
8706 3 4
4662 1 5
7475 4 5
81 4 2
7262 5 5
888 3 1
1339 5 5
6660 3 4
4566 4 3
5332 3 4
4388 1 5
4451 1 5
5786 3 4
7660 1 5
6049 3 5
8106 3 5
5586 3 3
1139 5 3
1153 3 4
8694 5 5
4000 2 4
2414 2 1
3057 1 5
6398 5 5
9563 5 1
4423 4 3
5859 3 3
9365 4 2
1978 4 3
2865 2 3
7475 5 3
2483 4 4
8916 2 3
4343 1 4
7179 4 2
9434 3 1
733 2 1
6369 2 3
3469 4 4
9842 3 3
526 5 3
1281 2 5
8309 1 1
7690 5 2
373 3 5
5615 2 2
3391 5 1
87 3 5
4848 1 2
7202 3 3
9274 1 3
3433 1 5
8059 4 5
5063 4 5
2550 2 4
9846 2 3
3043 5 5
2044 1 3
4050 3 1
1354 3 4
858 2 5
6167 5 3
7720 3 4
8562 5 1
6272 5 2
2502 5 2
7992 4 3
8734 5 3
6001 1 2
4485 4 2
3721 1 5
2670 4 3
1791 4 1
1390 4 1
3769 5 5
1489 1 5
3160 5 1
5633 4 3
4082 1 4
9279 2 4
9082 4 5
2757 4 1
1549 1 2
919 3 5
3160 1 4
2025 1 3
6872 4 3
1768 5 4
9110 5 5
7392 2 3
5048 1 3
2235 2 4
169 2 2
4259 2 5
2169 2 1
7194 5 5
2765 3 1
7352 3 2
2979 4 2
8681 1 5
5245 1 1
9589 2 2
5432 2 5
8130 3 3
1519 3 3
8286 3 1
9553 3 1
8911 5 5
9160 4 4
9938 5 4
2858 4 1
4418 2 4
6689 1 5
6020 4 5
7346 2 4
4170 5 5
6567 5 2
5749 3 5
7397 3 1
4030 3 1
7373 5 5
2586 3 4
2775 3 1
5095 5 5
6348 1 2
874 3 3
9738 4 3
2492 5 3
7817 2 4
8134 5 3
2820 4 3
4195 5 1
5190 4 3
4824 1 3
9681 4 3
2652 2 1
8863 1 1
6396 4 3
3714 2 2
2625 1 4
488 5 5
7718 2 1
4992 5 5
7860 2 4
1298 2 4
7747 5 1
6285 5 3
2581 4 4
9356 3 4
8533 4 1
4474 1 4
8722 4 3
9952 5 4
101 1 2
7581 3 1
6028 2 1
246 2 1
9530 3 5
2239 5 3
83 2 2
6324 5 1
3071 1 5
876 4 2
9688 2 1
7375 1 5
3926 4 5
4760 3 5
6751 1 5
9608 1 2
9042 3 3
210 3 4
3887 4 5
9380 4 5
9699 1 1
5912 3 1
3391 4 4
3870 4 4
3401 5 5
6112 1 5
6689 3 3
2423 3 3
1043 3 2
4452 1 1
5518 2 3
1884 4 5
2909 3 2
9281 5 3
5536 3 5
9148 1 2
2432 1 4
1323 2 3
1604 2 5
5072 4 4
5739 1 4
9976 2 4
3329 1 4
4320 3 2
8286 1 2
9897 3 1
1555 4 1
5591 1 1
8129 3 4
1983 3 3
1331 4 4
4897 4 2
1524 4 2
1953 5 1
5681 4 1
1272 1 4
3449 1 2
8020 2 4
2269 2 5
9742 3 4
8142 4 5
6041 3 2
7415 4 4
2198 2 5
675 3 3
9137 1 4
4626 4 5
3455 5 3
1918 3 1
8053 3 5
5379 5 1
6763 3 3
5536 3 3
5643 4 1
5233 5 1
2023 4 4
5593 5 2
2730 2 3
7402 2 1
399 1 3
7755 1 5
289 5 2
7088 5 4
6700 1 2
3517 1 4
9940 1 5
4820 5 1
643 3 3
3764 2 5
6142 4 3
207 5 1
9735 1 3
5852 3 3
3448 4 2
1929 3 2
8586 2 1
3743 2 3
3498 3 1
5128 5 1
8702 5 1
569 3 5
1147 3 2
7609 5 5
970 2 5
6385 2 1
87 1 4
7076 2 5
8949 2 4
3748 3 2
4937 4 4
9243 5 4
4013 4 5
3095 3 3
9549 3 1
7180 1 1
3935 5 2
1950 5 4
6182 2 4
8035 5 2
3365 5 1
9756 3 4
1775 2 1
9888 4 3
8791 2 1
3960 1 2
1049 4 4
4436 2 4
8826 2 3
3619 4 2
5112 1 2
684 5 5
8847 2 4
280 2 1
9216 3 5
3337 2 2
6465 4 4
2724 4 1
7506 2 1
265 4 5
1212 5 2
1352 4 1
1052 2 4
3932 2 5
3054 1 2
3452 3 3
3644 1 5
5160 1 2
4470 3 4
6994 2 3
4127 4 4
4344 5 3
73 4 2
9139 3 5
8227 4 3
2084 2 3
422 2 4
5254 2 5
9343 3 2
7382 3 5
2286 2 5
366 3 4
961 4 5
4208 4 1
2710 2 2
7761 5 1
8556 5 1
2198 3 5
7388 1 5
5158 1 1
2571 1 3
9615 3 3
5019 5 5
8084 4 1
4269 4 5
5214 4 1
6536 3 1
9345 3 3
9792 5 1
6399 5 1
9889 5 2
5214 2 2
9716 4 4
9224 4 5
7150 1 3
4093 2 5
5042 5 3
4376 2 1
8658 3 3
9360 5 3
2569 3 2
1675 2 5
1576 3 5
9614 1 1
7043 2 5
2572 2 5
9038 5 5
4692 1 1
5737 2 5
7732 3 4
9485 2 5
6225 2 5
886 2 5
4903 3 2
7889 4 1
7351 3 3
3359 3 5
3059 5 5
5019 4 2
5870 2 2
8749 1 3
7498 2 1
1820 5 1
197 1 1
5352 3 1
5646 5 1
1402 2 1
9533 1 3
5486 2 2
5148 5 2
9278 3 3
7766 1 2
9021 5 3
5655 4 3
8406 3 4
1026 2 4
5636 2 3
6766 1 2
5544 5 3
7868 3 4
2022 1 3
5036 3 4
7573 2 5
7810 4 2
5840 4 1
7233 4 4
445 5 5
5318 1 3
2303 2 4
5759 1 5
1626 1 2
6830 2 3
3355 1 1
5678 1 4
9408 1 4
5258 4 4
5063 4 3
2422 2 5
7421 5 1
8120 3 5
7684 2 2
2321 1 1
6652 1 5
4641 4 5
3549 5 3
6338 5 2
6137 1 3
1339 2 4
7670 4 3
8915 4 5
943 3 5
3762 5 3
5780 5 1
5807 2 3
8255 3 4
7490 5 3
6539 2 4
878 2 4
5008 5 2
7582 2 2
7434 1 2
5333 3 3
1266 4 2
5585 5 3
414 2 4
1778 3 4
8791 1 3
7891 4 1
990 2 4
729 3 2
6556 1 1
6120 3 2
3923 4 5
7591 1 4
4567 1 1
6579 1 5
9878 3 2
7333 1 5
8089 1 2
9427 3 1
4917 1 5
3206 5 5
1681 1 4
2087 4 2
8520 1 4
2469 5 5
2227 5 1
6353 2 5
7789 2 1
7607 2 4
6186 2 5
3033 2 2
3626 2 5
8102 2 3
336 4 1
4886 2 5
8602 3 1
9759 1 4
7603 5 2
2549 1 3
2442 5 1
6617 1 3
8317 3 5
8721 3 5
3671 4 2
4130 2 5
3169 5 3
6278 1 2
4980 2 5
4788 2 4
6110 5 1
7402 4 3
3773 2 2
7579 1 1
8061 4 5
2911 1 2
6385 1 5
8611 4 3
7643 1 5
2346 2 1
3314 3 5
2015 1 5
342 2 1
799 1 1
9473 2 3
792 4 3
4332 3 2
3909 3 5
1059 4 3
5822 1 1
7539 1 3
9465 3 4
869 4 5
2485 3 4
6941 3 4
1270 1 4
2665 1 4
1504 4 1
476 3 2
8126 4 5
3128 4 4
2551 1 5
3477 3 4
2098 1 3
6064 3 3
4758 2 1
8414 5 1
6903 1 3
5285 1 2
4388 1 5
613 2 3
6791 4 5
4845 2 2
8064 1 4
3834 1 2
3376 5 5
9979 1 2
5484 4 5
8973 3 4
7817 1 5
9728 4 1
1112 1 1
3587 4 2
2071 4 2
3127 3 5
2737 5 4
5262 4 3
3076 1 2
3963 4 3
6207 3 2
9642 2 3
7927 3 1
8333 3 5
4362 5 5
2185 3 4
9699 4 3
7473 5 4
889 2 2
8602 2 4
4365 4 2
1315 1 4
7034 1 1
5264 2 3
6296 4 5
6405 1 1
4233 3 1
7346 5 4
3448 4 4
4660 2 2
7067 3 5
4921 2 3
5005 5 4
8826 5 5
2714 5 5
9944 1 1
5711 2 5
8465 4 1
3536 4 5
1811 1 4
6827 1 5
2933 1 2
6087 1 1
4773 4 4
7079 4 3
3949 5 1
5859 1 4
239 3 2
9772 4 5
1106 3 1
831 1 1
7458 1 3
1812 2 5
5998 2 3
9082 3 3
2319 1 4
4760 5 5
2126 1 3
8962 3 3
5831 5 1
2388 2 1
6776 2 1
7653 4 5
3829 3 3
5291 3 2
6080 5 5
7155 3 2
8924 2 2
5627 5 2
951 1 3
8973 3 2
972 4 2
6436 4 4
3901 2 2
2304 4 1
3560 2 5
9518 2 3
5499 3 5
3697 2 4
7242 3 3
4521 3 1
7542 3 4
2751 4 3
6035 3 1
7167 4 3
3382 3 3
2005 5 2
2107 1 3
6665 5 2
733 2 2
6800 2 3
2629 4 3
5514 5 1
7109 5 5
3189 1 3
6120 1 3
2975 2 2
8080 3 4
3435 1 5
8101 4 4
1363 1 1
652 3 1
6009 1 5
6955 1 4
2668 5 2
9518 1 1
2605 5 3
8662 5 2
2302 4 3
1016 1 2
3162 3 2
3781 2 1
3227 5 2
5648 1 2
5277 1 3
2182 2 2
9311 5 5
7140 5 4
9305 2 2
3764 1 5
5827 4 3
2594 2 1
3488 1 3
3403 3 5
3037 4 3
3251 4 3
9588 1 5
7171 1 4
1823 3 4
9885 3 1
5701 4 4
4520 2 3
6395 1 1
7566 3 3
7737 4 2
4428 2 4
4454 3 3
6035 2 3
932 1 3
1760 3 4
3024 3 4
7671 5 5
6005 5 1
3718 2 2
2616 2 2
6105 2 3
9723 4 4
2610 2 4
5832 4 5
4223 5 4
4790 3 1
1330 3 2
1009 3 3
3224 2 1
8941 4 1
5921 5 1
2501 3 3
7222 4 5
4684 5 5
5567 3 3
2970 3 1
1029 2 5
5658 1 2
6920 1 1
6445 2 1
3359 4 5
6261 3 1
6969 3 5
3434 1 3
6718 3 4
7011 4 1
7128 5 1
1654 5 2
6389 4 4
9937 1 3
9843 5 5
9171 4 3
2392 2 2
9902 2 3
3758 1 5
5389 4 1
41 2 5
3002 4 2
9010 1 4
1939 4 3
2816 3 4
9697 4 5
7506 2 3
5883 1 4
6926 4 1
4475 3 3
8549 2 5
6659 1 4
6914 3 4
557 1 4
7275 3 1
1534 4 5
598 1 5
8945 1 5
7954 4 4
5457 2 4
5347 1 3
505 1 3
9903 2 4
2073 4 5
5833 1 1
3848 3 1
5060 5 1
8268 3 5
3493 2 3
2009 1 1
3322 3 2
9361 1 3
8479 4 2
9242 1 3
3458 3 4
1453 2 1
3176 4 1
463 4 3
1042 2 3
6462 1 1
6450 3 1
7225 3 2
5940 5 4
4836 2 3
1615 1 4
628 4 3
4017 3 3
3679 5 3
2596 4 3
5643 5 2
2367 2 1
3070 2 1
9893 1 5
5503 4 5
4005 4 3
6336 2 5
7623 3 2
4770 5 4
8993 3 1
6166 4 4
3650 5 3
9060 1 3
9354 1 3
1589 4 2
3028 2 4
5663 5 2
3710 5 5
2168 3 4
352 1 3
9112 4 4
3205 4 3
5382 1 4
3165 3 2
9907 4 4
3719 4 3
1155 1 2
7982 5 1
2421 4 5
8467 2 3
4762 3 1
9421 1 3
1943 2 5
8565 4 1
2694 1 3
6424 2 5
4332 2 4
2758 2 3
4036 2 1
8526 4 3
3671 2 4
9304 1 1
3148 3 3
4984 5 5
5366 5 5
2969 1 4
4974 1 3
7781 1 1
6728 1 2
8807 3 2
653 2 4
5699 5 1
7908 2 5
4704 2 3
2363 4 5
8569 3 2
1925 5 4
2058 3 1
1010 3 4
718 2 4
7669 1 4
8667 3 4
3694 4 1
2273 5 5
2220 5 4
5078 4 3
6061 2 1
398 1 4
774 3 4
1725 4 2
4102 2 4
8571 5 2
3376 5 5
2463 2 4
4826 3 4
612 2 5
5647 3 3
1560 4 4
6522 2 3
9571 3 4
6456 4 1
7875 2 3
9858 1 1
640 4 2
1103 3 5
7777 2 2
1299 4 5
3212 5 1
2619 3 5
2458 3 4
2906 5 4
3983 4 3
6816 2 1
8928 2 3
9757 5 3
1948 4 4
9441 4 1
4527 3 2
9255 2 3
57 3 2
8493 2 1
6062 3 2
1682 2 4
6373 1 1
6311 2 4
2326 5 4
5031 4 3
6118 1 2
4676 5 1
7508 3 4
5266 2 1
5892 5 1
382 4 4
3447 1 4
5550 2 5
4501 5 3
3248 2 2
2950 1 1
821 1 5
7996 4 4
506 4 3
7743 1 3
7933 1 4
3853 4 4
6128 3 1
1574 1 4
2415 3 5
8707 2 3
3091 4 2
6053 4 5
8312 2 4
8280 1 4
7066 2 5
3092 5 5
1382 2 1
1855 2 3
5359 5 5
8019 4 2
9261 2 5
2902 3 2
1139 1 4
9773 1 5
8273 1 4
7832 2 4
1817 3 2
6460 5 1
8578 1 1
4967 1 4
827 5 3
8160 1 5
3217 2 2
1240 2 2
6769 3 3
3931 3 3
8557 5 2
9445 2 4
7770 5 3
1180 1 3
1354 1 5
6463 3 5
2006 1 4
2375 2 2
8320 2 3
6203 4 1
1484 5 1
9785 5 1
1804 2 4
2897 3 4
9171 5 5
2360 2 5
1653 4 1
8099 4 5
2251 2 4
7083 4 2
6900 2 1
5702 2 3
2689 5 4
6020 3 1
9071 2 5
5699 2 2
1387 3 4
4625 5 5
8957 2 5
9263 2 5
5479 3 2
3144 2 4
3666 2 1
7721 3 2
4341 1 4
5377 4 2
5815 1 4
3678 2 3
4614 3 3
1358 4 2
9622 4 3
7291 5 2
7497 1 2
7421 3 4
6029 5 2
5587 3 4
3466 1 3
7540 2 4
9393 1 2
2014 3 1
6755 5 1
1654 3 4
8698 2 3
8003 3 1
3696 2 3
6674 1 5
4464 3 4
8685 3 3
1566 4 3
6004 3 5
2226 1 1
884 3 2
7114 5 5
4768 3 4
8409 3 2
7710 1 2
5395 2 2
9459 1 4
3713 2 1
3683 5 1
8694 5 5
3242 5 4
4367 3 5
3927 2 5
7447 1 3
1581 2 2
6911 3 5
9956 1 2
2043 3 1
2117 3 5
3234 3 3
2787 5 3
5532 2 4
5375 1 2
1009 1 4
4560 2 3
8174 2 1
4045 4 3
3327 1 3
1096 2 2
4915 3 3
8907 2 2
4116 4 3
3920 1 1
8221 1 1
8937 5 2
8413 1 1
7134 2 5
3860 3 4
4005 5 5
3949 5 5
6826 4 3
2865 2 4
3833 5 2
1562 2 1
3987 5 3
418 3 1
5634 4 1
3734 2 1
9599 3 2
7527 5 2
752 5 3
2617 2 3
972 1 3
3526 5 1
6045 5 1
8707 5 5
1819 4 1
8309 3 2
6494 1 3
1458 2 1
5542 1 4
9537 5 3
657 1 5
5671 1 4
740 3 2
8597 2 3
6494 4 2
6720 2 2
6108 3 5
2326 5 1
3433 4 4
9976 1 1
5599 3 2
946 3 4
4081 3 1
3500 5 5
6585 2 1
8007 2 1
2720 2 4
3840 5 2
6249 1 2
8975 5 3
966 3 2
177 3 4
2206 5 1
3613 3 1
5005 5 2
2109 3 3
4215 4 1
3756 5 5
8980 2 1
136 2 2
9364 5 3
5582 5 3
7724 1 1
4032 2 4
180 2 4
6122 1 1
33 4 4
6953 2 1
3285 4 2
3601 4 3
3352 1 2
6737 2 3
9358 2 4
5588 1 3
2389 3 3
5549 2 5
5831 4 5
3709 2 3
4213 4 4
3657 2 1
6545 1 2
2957 5 5
6778 4 3
278 3 5
7160 4 3
5338 4 1
3247 3 3
6493 1 4
6575 2 2
6022 1 4
9438 3 3
3563 3 2
2497 4 3
7010 5 4
3415 2 3
3542 3 5
998 5 3
6046 4 1
1088 2 5
925 4 4
442 1 5
9151 4 3
7815 1 3
5674 5 5
3789 5 5
9575 3 4
4007 5 4
254 1 4
6118 1 4
5550 3 3
6463 2 3
6864 2 3
3954 4 2
5309 3 5
6205 1 1
7084 5 2
5085 1 5
8872 2 3
5679 4 1
8545 1 2
2460 3 2
9860 3 4
2959 4 5
7428 3 3
3123 2 5
4544 5 2
2569 3 5
8707 1 1
2516 4 2
3382 5 4
4327 1 1
5344 3 4
2369 4 3
7960 5 5
4850 4 4
7224 2 4
1986 5 4
3536 5 2
7014 1 2
3803 2 2
5510 4 3
730 1 1
3185 5 4
6859 1 2
493 5 4
9043 3 4
9591 2 5
7217 1 2
9813 2 2
9560 1 1
6341 2 2
7203 4 2
7240 3 2
9561 1 3
1754 1 3
2750 2 2
7068 2 5
4785 4 2
4706 2 1
3483 4 2
647 3 3
5760 3 4
8514 1 1
6462 5 2
6631 2 1
5662 5 4
6487 2 3
6901 4 1
8047 1 1
7240 2 1
805 3 1
2932 5 1
7900 3 5
6019 2 3
9225 5 5
8264 4 2
6374 4 2
3979 2 4
965 1 3
1496 4 1
7262 2 5
9624 3 3
3114 1 2
2874 5 4
2837 5 5
1137 3 4
6261 3 1
9096 4 3
1137 4 1
104 4 4
2682 4 2
9383 5 1
6983 4 3
3252 2 1
5066 5 2
6515 2 5
2313 3 4
6750 3 1
1497 5 5
4129 5 3
8527 3 4
1859 4 5
258 5 3
2947 5 5
3700 1 1
5381 1 5
9706 3 5
1365 3 1
4530 4 2
2259 1 4
9942 2 3
1074 3 3
9885 5 1
6832 3 1
1611 1 3
7112 5 2
24 4 2
7917 5 2
9565 2 2
3263 4 3
7830 2 1
2708 5 4
5425 1 5
9805 2 5
3958 5 5
7940 4 3
1313 4 3
3012 3 4
4149 2 3
403 2 1
6275 5 2
7045 5 4
6680 4 2
768 1 5
8810 1 2
2587 4 4
3407 4 3
2755 2 3
5381 4 1
7167 2 2
7407 3 2
5517 5 1
3922 5 3
6830 3 2
3587 1 2
7616 1 5
7089 2 1
1309 1 2
8585 5 1
3732 2 4
4516 1 3
9020 5 4
650 5 5
3549 5 5
7697 1 4
4920 4 3
8500 3 2
9005 1 2
226 1 2
4628 5 4
2123 1 3
2459 4 3
531 3 5
1759 1 4
5584 3 5
3769 5 1
9060 5 4
1023 3 5
9024 5 2
7753 5 2
9630 5 4
1852 5 1
5452 5 5
5727 1 2
9287 1 5
6868 3 1
5426 1 4
9640 1 3
1980 1 3
4708 5 1
2286 3 5
1353 1 2
8974 5 5
9021 4 2
372 5 2
7637 4 5
9883 3 2
9950 5 3
5518 5 3
3226 3 1
6268 5 4
5477 4 4
5425 4 2
7598 1 1
3032 3 1
4176 3 2
7394 3 4
300 5 5
2770 4 2
6371 3 5
1041 2 2
8116 3 1
4467 5 5
8724 4 3
255 4 4
9530 1 5
5235 1 3
1311 4 1
4178 2 1
8255 1 1
427 2 2
3128 5 2
8635 2 1
4515 5 4
5253 4 3
3387 3 5
8243 2 1
8414 1 2
4761 2 5
877 3 4
9157 5 2
9756 2 2
1585 3 5
2640 1 2
8327 3 2
7657 2 2
8437 3 2
1005 2 2
5286 5 1
7243 3 2
6086 1 2
6696 5 4
8359 5 4
6905 5 3
5777 3 1
6441 3 2
2845 3 5
6764 2 4
1396 5 4
6354 2 5
8062 3 5
4426 1 5
8573 2 5
812 4 4
7822 5 5
7296 4 2
9309 1 3
6858 2 1
8889 4 3
192 4 1
9728 1 3
3579 3 5
122 4 4
5355 2 4
6733 4 3
2330 1 4
8410 2 4
6877 5 3
9778 1 1
3075 5 5
1221 5 1
8835 2 3
6766 2 5
2595 5 1
3210 3 1
2366 1 4
3076 1 4
6248 3 4
7339 1 2
7165 1 1
4337 1 2
3269 4 5
1415 3 3
8938 1 2
4397 5 3
9808 5 4
243 5 2
9921 3 1
5048 4 3
5453 4 1
3757 4 1
2391 4 1
8435 5 3
2815 3 4
2228 3 3
938 5 1
2760 1 3
6030 4 4
1517 1 3
5326 4 1
6560 1 5
3734 5 2
5828 3 4
7712 2 1
1455 2 3
1550 1 5
7367 2 2
7206 5 5
6403 3 1
3414 2 4
3891 2 5
583 1 2
5535 5 4
9293 1 1
7305 2 4
3540 1 2
8730 5 1
4049 1 4
7688 5 3
3019 3 3
3481 1 3
884 2 3
8698 3 2
90 5 3
2507 1 2
9441 5 5
9437 2 1
2765 3 5
2115 2 3
2601 4 5
2900 1 3
3127 5 5
7795 3 1
1989 5 4
1082 1 1
5312 4 4
1488 4 5
4447 4 3
4456 1 2
7799 4 3
8440 5 3
978 4 1
1861 1 1
5462 5 1
7997 1 5
6915 2 4
2632 5 2
6369 2 2
7670 1 4
8495 3 5
3174 4 2
9619 4 4
1862 2 3
9657 2 2
1801 2 1
7117 4 4
3248 2 3
824 4 5
6060 4 4
5150 4 5
7517 2 4
6341 3 3
482 5 1
3203 5 5
7261 4 3
2175 1 5
4247 5 4
1592 1 1
6996 1 1
6907 5 3
7203 5 4
4936 5 2
3804 2 1
5413 3 5
885 3 1
3829 5 4
6804 5 3
641 4 1
8453 5 5
6963 4 3
6492 1 1
9352 1 4
5401 4 2
2170 1 5
5079 3 2
2089 3 3
3694 3 5
9037 4 1
1688 4 3
7493 2 2
3991 3 3
7493 1 1
9305 2 2
4063 5 4
7190 1 1
9165 5 3
1616 3 1
9157 3 1
4045 2 3
7008 2 1
3934 2 5
8644 5 1
9919 2 2
2030 1 5
1224 2 1
6465 4 3
2689 3 1
8274 1 5
2361 1 4
7845 3 1
3055 1 5
6847 1 1
9670 2 2
4175 1 3
2916 1 5
3309 5 1
5691 3 5
483 5 2
5880 4 1
5573 3 2
3455 4 3
9671 1 2
2568 2 1
2321 4 5
4510 2 2
2369 1 1
2435 3 2
1880 4 4
1536 5 5
1158 1 2
303 5 5
7413 2 2
2856 2 5
9405 3 3
8573 3 1
2949 1 5
1710 3 1
2052 4 4
752 1 1
7232 4 2
4919 3 2
5106 2 5
9625 4 4
9592 1 3
5228 4 5
3010 3 5
359 5 2
2273 5 3
9323 3 3
8383 1 2
7183 1 4
2604 1 2
5845 2 5
1406 4 4
5823 3 3
8286 2 3
7453 1 3
161 4 5
4126 3 5
9196 1 4
8514 4 5
2497 3 1
661 1 2
9528 4 3
6385 3 3
7431 5 2
164 4 2
9772 3 4
222 1 3
9720 3 4
1170 2 1
2197 1 2
8833 2 3
293 1 3
3549 3 3
6094 2 3
1153 2 4
6869 4 3
8681 2 5
1868 5 4
8901 1 4
9508 4 5
9776 3 4
9787 1 2
9436 5 3
9143 3 1
7257 3 5
9656 5 5
7915 2 5
6698 5 2
9497 4 5
2165 2 1
3877 2 3
4075 2 5
404 4 1
7455 3 3
3190 5 4
1576 3 3
6624 4 2
6869 5 5
8006 1 5
6156 2 2
7978 4 5
6157 3 4
8155 4 5
9601 1 1
2754 1 2
8415 4 3
6595 2 3
3059 2 2
4961 5 3
4774 1 2
5301 2 4
7920 1 1
591 4 2
6006 1 2
4453 4 5
4455 3 2
167 4 4
9198 4 4
6939 1 2
4649 4 4
7152 4 3
5124 3 4
7050 5 4
4415 2 1
4401 1 4
4945 5 3
7541 1 3
5171 2 4
1600 5 2
2334 1 5
6098 4 1
6827 5 1
9843 1 3
6287 1 4
6283 3 3
835 2 5
8881 5 4
5417 2 4
692 2 2
585 2 1
3410 2 5
4414 5 4
7721 1 3
4066 3 3
9990 5 2
6940 2 4
667 2 4
5145 3 3
8593 4 1
9030 1 2
5626 5 1
9374 2 2
5908 1 1
1292 2 1
5243 4 5
604 4 3
8123 4 5
2700 5 4
4922 1 1
1913 3 4
5398 2 5
2148 2 5
7530 5 5
5829 2 4
6015 3 3
561 5 4
5110 3 2
7076 4 3
3565 1 4
6207 5 3
1659 5 1
4968 5 5
6184 5 5
961 1 4
4999 4 2
3156 4 3
8933 4 3
780 3 5
9645 5 1
2912 4 5
9719 5 1
1637 5 2
1337 5 1
1714 5 5
4827 2 1
2244 3 3
7307 2 5
9355 5 2
9349 1 5
1330 1 2
4150 4 2
9578 3 3
2200 2 2
5212 2 3
7747 1 1
7694 4 5
9603 2 1
1130 1 1
4469 4 1
6524 1 4
559 1 5
5003 1 5
6982 3 5
4184 1 1
4774 5 4
9673 1 4
3095 2 4
6792 4 1
7645 1 5
1746 4 1
6761 1 2
4246 3 3
210 4 5
242 4 1
6661 3 2
6742 4 2
160 4 5
1125 5 5
2676 5 2
3841 2 3
1534 3 3
4198 3 1
5996 5 5
8540 2 3
1511 3 4
7070 5 5
2517 2 4
6607 5 4
1727 5 2
1965 3 1
9649 1 3
927 2 2
5297 2 2
6936 4 4
9817 5 1
2074 5 5
2762 2 1
312 2 5
2112 1 5
8332 5 3
2573 5 4
3801 1 5
5905 1 2
3535 2 3
7714 4 2
6753 5 4
9262 1 5
2994 5 5
4591 4 1
6085 5 5
4673 2 5
2280 5 1
1745 2 5
6978 4 3
7643 1 3
6702 1 1
3285 2 2
3082 1 1
2987 5 3
5573 3 3
7814 1 4
1888 3 5
2365 5 1
1021 2 3
1576 3 3
2057 2 5
720 2 4
1897 2 5
9158 4 3
2994 1 1
3691 2 4
5746 1 1
6544 2 4
4975 1 5
7637 3 5
4068 5 5
9974 2 1
9713 2 1
6395 2 2
7703 5 3
5833 3 2
8635 3 1
1564 2 3
6454 1 2
3693 5 1
8873 2 1
787 3 2
5294 1 1
1777 4 2
5472 1 4
5612 5 5
7328 5 5
8754 1 1
800 2 5
1658 3 3
2241 4 2
3098 1 2
3565 3 1
3212 2 4
3358 1 3
6218 1 4
8198 3 4
5535 5 1
5149 1 4
7983 4 1
3924 3 1
6294 1 3
8001 4 3
8195 2 1
4855 2 5
221 3 2
169 2 5
9798 5 3
8029 1 3
1243 2 2
3281 5 2
6756 4 1
6378 1 3
999 2 2
9532 3 5
8402 2 1
5619 3 1
1780 2 1
8335 2 5
424 3 2
7630 5 2
5046 5 4
2236 3 3
4994 3 3
5436 3 2
5621 5 4
3951 5 5
1348 3 1
2111 4 4
1652 1 4
3242 5 5
7688 5 3
4455 5 3
1227 1 2
4586 2 3
6593 2 3
8825 1 4
428 5 1
8857 1 2
9664 4 5
5583 2 2
2379 2 3
872 5 2
2597 1 4
6867 1 1
8604 3 2
6875 1 1
7645 2 5
9854 2 5
7859 3 4
5349 2 3
6660 1 5
3546 1 1
9586 3 4
3557 1 4
5419 1 1
4377 1 4
5238 5 4
1215 5 2
7789 4 5
1509 2 3
1565 3 3
4135 2 1
1916 1 3
5941 3 4
3767 3 3
1607 3 2
3142 4 2
9347 1 4
6139 3 4
4272 3 4
103 1 2
5631 5 1
2076 1 1
3337 5 2
7010 3 2
9273 5 1
521 5 5
9531 4 2
4738 5 2
885 4 3
794 4 2
8803 1 1
9937 1 3
8742 2 5
8221 1 1
5173 4 1
3958 2 2
1180 3 2
4971 4 1
601 1 2
143 5 3
9220 4 1
3235 4 2
7257 3 1
6446 5 4
3902 2 3
3405 3 2
3384 4 2
823 5 5
3371 4 4
2465 4 5
5704 5 3
8680 4 2
7264 1 4
3620 5 3
1268 3 5
315 3 5
2589 4 5
9239 3 1
5171 2 1
8928 5 4
6632 5 3
9177 2 2
741 3 3
2712 5 2
8969 5 3
3204 3 1
7604 4 2
3461 3 5
5580 3 5
1485 1 2
7619 2 1
2656 2 2
8767 5 1
3365 3 4
3091 3 2
2874 2 3
2355 2 3
7390 1 1
9581 5 3
8255 4 2
6808 2 5
3660 5 3
5853 1 4
4736 5 4
3171 1 3
8505 1 1
4231 2 2
6409 5 4
1281 3 4
7546 2 2
1831 4 3
2541 5 3
8815 3 1
5248 3 2
5012 5 3
1639 5 4
6750 2 4
5237 3 3
1870 5 4
4471 1 1
2303 4 1
8299 3 1
6629 4 4
8167 5 5
2627 4 5
7064 3 2
1826 3 2
6317 1 3
7907 2 5
9886 2 5
1334 5 5
5671 1 4
6296 2 3
1267 3 2
7571 3 4
5145 2 4
4130 2 2
7509 4 5
901 1 1
5687 5 3
8951 3 1
4563 3 4
9219 2 1
6149 2 3
9888 5 3
7082 1 1
7258 3 2
6587 4 2
9571 1 1
5418 2 4
4203 2 4
1954 1 3
5810 4 1
4729 5 2
6618 5 3
2075 3 2
6249 3 2
4731 5 5
5773 2 5
3348 4 4
6768 4 5
3070 1 5
1254 1 1
4676 5 3
9059 4 2
4990 5 5
9599 4 2
3256 1 3
333 2 4
9218 1 3
1444 2 5
4620 1 1
2038 2 1
8686 3 1
295 1 2
6302 4 5
4782 2 2
1838 4 5
8791 3 2
9198 1 1
9243 5 2
2543 4 2
4022 3 1
9136 5 1
9660 5 5
2874 5 5
8345 3 3
5646 4 4
6156 1 1
6410 2 2
3239 1 1
8113 4 3
1929 4 4
3578 3 4
6332 1 4
192 5 3
4355 3 2
8116 3 2
5578 2 5
7699 3 5
3948 1 2
6798 4 4
276 2 5
1326 2 4
3087 3 5
4023 3 5
9078 1 1
9221 1 5
8935 3 3
5518 4 2
6646 5 4
9100 1 4
2333 1 1
775 4 1
3594 5 1
7743 1 5
7694 2 3
8173 5 4
4245 4 2
7619 1 3
4858 2 2
1244 4 1
763 4 3
2626 3 4
8347 1 5
4590 2 5
7451 4 1
6464 3 3
8225 3 2
4799 4 1
8785 3 1
8529 5 5
1325 5 5
3556 4 2
5294 4 1
6819 3 5
2512 3 3
4041 3 2
8836 5 2
2166 4 5
3554 4 3
3316 2 2
3064 5 5
3583 5 2
1791 3 1
1176 2 5
2023 2 3
6493 4 4
6220 1 3
2379 4 2
6956 5 2
2890 4 5
1433 3 4
2196 2 3
2115 2 2
8922 3 5
3303 5 1
7711 5 4
422 5 3
5192 1 2
9838 5 2
4487 5 2
6134 4 4
7649 3 4
1695 4 5
54 5 4
8036 1 1
9019 2 5
2963 1 2
6996 4 2
4458 2 4
1750 3 4
3013 3 1
7499 5 4
585 3 4
9892 2 2
3380 3 4
9804 3 1
634 2 3
8459 3 4
8317 3 4
4202 2 5
1679 5 4
7580 4 2
6477 1 4
8766 4 5
586 3 3
9151 1 1
8738 5 1
9941 4 2
8013 5 1
6160 5 1
5514 3 5
6478 3 3
400 1 1
9217 2 1
2083 4 1
5449 2 4
6066 5 4
3969 1 2
5884 2 3
2206 4 3
6060 5 1
6905 5 5
9438 2 4
8648 5 4
156 1 2
4985 2 2
579 1 2
132 2 4
4053 4 5
1577 1 1
1068 5 5
688 4 3
5061 5 3
8073 2 4
5015 4 4
7882 5 4
4904 1 3
9167 5 3
877 4 5
3662 3 3
9363 5 2
6737 3 3
4560 1 3
3288 3 2
4988 2 2
9135 1 3
9721 1 3
6293 4 4
8830 4 4
6145 1 3
1755 4 1
17 2 3
4611 5 2
3823 2 5
3866 3 3
5870 5 2
6576 5 2
1059 5 3
1005 3 3
1989 3 1
3562 2 2
3901 3 4
5138 4 4
8204 1 4
5348 3 4
3538 1 1
1767 5 5
4628 5 4
4672 1 4
3682 1 1
2354 5 4
5748 4 4
4183 2 3
9128 5 4
1871 2 2
9145 5 1
8421 2 2
5061 5 3
7646 3 3
8342 5 4
2714 1 1
4052 4 1
7662 1 1
4946 5 1
1899 4 4
2977 5 5
9060 3 1
5857 1 4
5404 1 1
9182 2 3
1093 3 2
6507 4 4
9290 1 4
6632 3 4
2855 3 2
9302 2 5
6661 5 5
4248 4 3
7762 2 2
3188 3 3
271 5 4
5181 5 4
39 2 5
6062 5 3
4298 5 2
4203 4 4
9551 1 3
9248 3 3
795 3 1
5728 2 4
6474 4 1
800 3 1
835 1 3
5418 4 2
2838 3 3
4041 1 5
7410 4 2
4289 2 4
8322 2 5
7122 5 1
1650 5 5
1620 1 1
277 3 1
5009 4 5
7200 3 4
3994 3 3
244 3 3
7898 1 1
1135 3 2
3320 5 2
5447 2 5
4713 4 1
9086 2 4
2875 1 5
6213 5 2
7313 5 4
2112 5 5
781 5 4
4953 3 5
7639 4 1
1566 2 2
2720 1 1
2310 5 5
2773 1 5
6822 4 5
3365 5 2
707 4 3
8354 2 2
882 3 4
3970 4 1
2965 5 4
6209 4 5
2034 3 5
5277 2 1
6388 2 4
6414 1 5
6656 4 3
6544 3 4
9861 1 5
8767 1 3
8851 5 1
459 1 3
8862 4 1
8309 4 3
4121 2 3
4129 2 4
3162 2 4
7169 3 2
3351 4 1
738 3 5
8570 1 4
4438 2 2
9208 5 4
8011 2 3
5860 5 2
7056 1 3
2688 2 5
4281 3 3
1929 4 1
2049 4 2
581 4 5
2112 4 1
1776 3 3
7930 3 1
8981 2 4
7497 3 5
4293 2 2
6296 2 2
9071 3 4
4838 4 5
757 4 5
1203 4 3
1982 1 2
5765 3 1
4249 3 2
9874 5 2
5433 1 1
4468 2 4
8345 3 3
3380 3 2
2788 5 4
668 1 3
9034 5 1
4147 3 3
324 5 2
5659 4 3
674 3 4
5222 1 2
3477 2 4
7867 5 3
9333 2 5
3373 1 5
4221 1 3
6526 5 2
54 5 4
3907 3 3
8407 5 5
5764 2 3
80 3 5
3074 3 3
3042 2 5
9685 2 1
1409 3 2
2305 4 2
2533 5 2
4331 3 1
1910 5 5
8630 3 5
6362 2 2
3064 3 2
4361 1 4
9079 5 1
8793 3 5
9486 1 2
2269 1 4
7443 2 3
5131 5 5
8414 1 5
265 3 1
5138 5 2
8018 5 3
6977 5 2
9611 1 4
7081 1 4
3114 4 4
5239 4 3
2337 1 2
1066 3 3
6969 4 3
8978 1 1
9100 1 4
2138 2 2
9638 2 4
6625 5 3
4393 1 2
2766 4 4
7385 3 3
4025 4 3
4959 5 2
9722 5 1
5090 2 4
5919 4 1
2244 1 5
2587 3 3
5229 2 5
8305 5 5
8579 4 2
4413 4 3
1982 3 1
9024 5 2
8810 4 4
7105 2 5
2739 4 2
8322 1 5
3175 4 5
1176 1 1
9612 5 1
8380 2 5
8647 1 1
2033 4 1
8921 1 1
1805 4 4
180 3 3
5167 2 5
5319 3 5
3593 1 1
5003 3 3
1073 2 3
2496 1 3
5837 1 3
8859 3 4
3364 5 5
209 3 5
5858 1 5
5468 2 4
6960 5 5
9693 2 5
7276 4 4
8396 5 1
3906 4 4
4850 3 5
6443 4 4
5698 5 1
2562 5 1
6672 4 4
2199 3 1
2822 4 4
4018 2 5
9983 5 5
9197 2 2
8128 1 4
7100 5 2
2315 2 2
3940 1 3
6393 5 3
1481 2 3
4089 1 4
3128 4 3
7622 1 2
4331 4 5
3238 2 1
7270 4 3
5098 5 3
2624 5 2
8746 1 4
3166 5 5
8829 2 5
6112 3 1
3529 4 1
2467 5 2
6494 2 5
5857 3 1
4447 1 5
8836 2 4
8954 5 3
7688 3 4
9689 4 4
3345 1 3
342 2 3
3972 5 3
9636 4 5
5197 3 5
6343 3 3
7897 2 5
3877 4 5
6167 2 2
1904 5 1
644 1 5
2338 5 2
7672 2 2
8711 1 5
2330 2 1
4053 5 5
7451 3 5
2190 5 3
6531 5 2
9380 3 5
8115 3 1
6740 3 1
2513 2 5
6246 5 5
1777 2 1
7335 5 1
5979 1 4
7595 2 5
1540 2 2
5685 2 1
5369 2 5
8474 4 2
9624 1 2
7261 3 2
1148 5 2
5566 3 3
8005 2 3
4830 5 1
2865 4 3
7065 2 4
6645 3 2
7988 3 2
2905 3 1
3118 1 2
1290 4 1
2335 3 1
2795 4 2
9636 2 5
4684 5 3
4936 3 1
3712 4 1
9016 5 4
3358 2 2
3370 2 1
4257 2 1
9542 2 2
3678 3 4
4665 5 4
6953 4 1
4332 3 1
2971 2 1
5220 3 5
936 3 5
6816 5 5
3460 1 2
8175 3 5
9578 4 5
2776 5 1
3216 2 4
4734 2 3
622 3 4
7644 1 3
8435 1 5
6946 4 1
3349 5 2
1046 2 4
2051 5 4
1742 4 1
9231 1 3
4296 2 5
978 1 5
7258 5 3
975 3 1
5598 3 2
5431 1 2
9546 5 4
7069 2 2
5496 1 1
4203 1 2
8280 4 2
6574 4 1
6847 5 4
5778 2 3
8327 2 3
4678 3 5
8815 4 3
6828 1 5
4245 4 2
7176 1 4
9825 1 2
2254 5 2
9337 2 4
7166 1 4
5342 3 2
6453 1 5
5827 3 5
7593 4 3
8794 1 3
6387 2 3
8461 5 2
7591 1 5
5716 4 3
7992 4 2
6872 1 2
9450 3 4
3091 2 5
7579 2 5
9402 5 3
6069 3 5
5760 5 1
5113 3 5
1612 3 2
87 3 2
26 5 1
6632 1 5
6873 1 1
9650 3 5
7524 5 4
2706 4 4
3677 1 2
2733 5 1
4618 1 5
1627 3 5
2625 5 2
1184 2 5
6860 1 4
8160 2 3
3109 4 5
8619 3 1
5756 5 3
530 2 5
8219 5 2
5983 2 5
4577 3 1
7225 3 5
765 5 4
2921 3 5
6354 5 1
8432 1 3
898 1 2
2541 2 4
5199 5 3
35 4 2
2296 5 5
3268 5 2
9225 2 4
6257 3 5
8871 1 4
4443 2 4
9874 3 3
1860 2 2
1125 5 1
5388 4 4
3214 1 4
8724 2 2
284 3 2
6239 5 2
3521 4 5
3280 3 4
1317 1 5
6359 2 1
4995 4 5
6905 4 1
4127 4 2
3887 2 2
1205 5 1
7260 4 3
6414 4 4
6331 3 1
7433 3 5
9472 3 3
9256 3 4
1997 4 5
4384 4 4
5294 3 2
9334 1 1
555 2 5
2109 3 5
2734 4 1
5785 1 5
2159 3 2
7920 5 1
5955 5 1
6057 1 4
7519 3 5
851 4 1
3008 3 4
4394 4 1
1786 4 2
747 4 5
7920 4 2
313 1 4
8355 3 3
3836 5 1
5235 4 3
4527 5 3
9969 5 5
385 4 4
5393 1 2
7369 1 2
1092 1 1
434 5 2
4319 4 1
2822 1 1
9623 3 4
2962 3 4
3168 5 3
6455 2 5
20 4 1
1855 3 2
3257 3 4
6849 4 3
2131 5 5
6710 2 4
2129 4 2
5990 5 5
9067 5 2
9943 1 4
1386 3 3
4088 1 1
6800 3 3
2527 2 2
1697 2 2
9034 4 1
6459 5 5
2917 2 1
9843 5 3
2248 4 4
1602 5 4
4227 4 4
4556 3 1
2169 4 4
8133 1 4
7223 1 1
630 3 4
4332 1 1
2005 1 2
4821 4 5
8736 5 4
3689 3 5
5224 4 1
1819 1 5
7711 3 2
1187 2 5
7780 2 1
689 3 3
7859 2 4
3036 1 4
6214 4 2
9053 4 5
2172 2 5
2696 5 1
2232 2 5
6293 3 5
8310 2 1
75 2 4
5219 4 1
6882 1 3
2480 3 5
2111 1 5
324 1 1
881 1 2
5976 1 1
2335 1 2
9598 4 4
2311 2 5
8769 5 4
4844 2 4
5686 5 2
7105 2 1
2999 3 3
7918 3 4
261 2 5
4484 5 5
8875 1 4
2272 2 4
4121 3 5
5201 4 1
9660 5 3
3318 3 5
9787 4 3
9092 1 1
7778 3 2
9253 3 1
3575 5 4
6294 4 2
7819 2 4
1199 1 3
239 2 4
4203 5 2
4586 3 3
1064 2 5
1027 3 3
4834 1 3
1846 3 3
3523 1 1
7507 4 5
2937 3 5
3162 4 5
7151 1 5
6597 5 3
5999 3 5
2286 5 5
1221 4 2
3286 1 5
1786 4 2
7272 2 3
4318 2 3
6753 4 3
5474 1 3
7337 4 5
3242 4 4
9668 5 4
6186 5 3
3977 4 4
6662 1 5
2218 4 2
9831 3 4
6930 5 1
472 3 3
6404 3 4
8352 2 1
7750 1 3
9567 2 3
8969 1 3
6246 2 4
5897 5 3
3583 2 4
2492 4 3
4331 2 2
4349 1 4
5453 4 2
3869 5 3
6189 4 5
2571 4 5
6271 4 1
9276 4 5
9315 1 3
2852 5 1
1852 1 5
9978 3 5
3238 1 3
274 3 3
8769 2 5
785 3 2
5846 2 5
518 2 4
122 1 5
1824 5 2
3981 3 5
866 2 4
9337 1 3
8478 4 2
8895 2 1
6775 2 5
2173 4 3
3625 1 1
5730 5 3
1690 5 3
4099 5 5
9589 5 3
917 1 3
8492 5 1
8233 1 3
5204 1 5
3780 1 2
9950 4 1
7615 3 3
9493 2 4
9581 1 4
8086 4 5
8931 2 1
7698 2 1
458 1 4
1056 5 4
6602 5 4
1481 5 3
1836 3 2
3905 4 3
6255 1 1
249 1 4
1744 1 2
4879 3 3
7002 4 3
2880 4 5
5046 2 3
1819 4 5
7443 4 5
5835 3 4
818 2 1
1868 1 4
3070 5 3
5155 4 3
5474 3 3
3212 3 2
9903 2 1
2539 2 1
4110 3 3
5515 5 5
8953 3 4
8307 1 3
3380 4 1
5491 4 4
6237 5 2
1278 1 2
9242 2 3
2443 4 2
3476 1 3
9081 3 3
485 5 1
6910 5 3
7153 3 2
6102 2 3
2686 2 1
2377 4 4
6392 5 5
2386 1 1
2805 3 2
4554 5 5
2195 3 2
2234 1 2
1173 3 5
5983 5 4
1855 4 2
2174 1 4
3671 5 5
5600 1 5
4405 3 4
9405 4 5
1089 5 4
9463 4 5
5065 2 2
10000 5 3
663 3 5
2932 1 3
9128 5 4
1678 4 5
5410 5 3
1828 1 2
6456 2 1
2481 4 4
4541 4 2
8439 4 4
3057 4 4
7236 3 1
7720 5 5
7202 1 4
2379 4 5
4269 2 4
3100 2 1
7611 3 1
5690 5 4
6684 2 4
9335 3 5
7800 2 3
2425 3 4
9996 2 2
1977 1 5
8197 5 4
998 3 3
8231 4 1
813 2 2
2580 5 4
8186 4 3
493 2 3
4480 2 1
3816 3 2
5631 2 1
557 3 2
9381 4 4
1302 5 4
9693 5 5
3805 1 3
6742 1 4
6829 2 1
3013 2 5
1151 2 2
3201 5 1
1698 4 1
6782 3 4
4638 5 5
7728 5 4
6320 3 2
2433 5 5
4290 5 2
7976 4 1
2794 3 1
1069 5 2
4198 2 5
3269 2 4
4621 4 2
600 4 3
4678 5 4
2785 4 1
293 3 2
7873 4 2
1237 3 5
4169 1 4
3440 5 3
2103 1 2
1288 4 5
8744 1 2
6148 2 1
4937 5 5
8559 3 1
4069 5 5
60 1 2
7294 4 5
3642 2 4
6675 5 1
561 3 1
15 2 4
7338 3 4
8435 5 2
76 5 4
5338 3 2
9456 2 5
4719 5 5
3233 1 3
6165 4 2
4861 4 5
3324 1 5
7299 5 4
1692 5 2
1967 4 2
2125 4 3
22 3 3
64 4 2
5453 3 2
3866 1 3
2708 4 1
4852 5 1
2629 1 2
7614 5 2
2157 3 2
4057 4 4
8618 2 3
9747 1 1
8791 1 1
9176 3 2
3079 5 3
6820 4 4
5491 2 4
4542 5 3
5396 2 3
4315 4 5
9631 4 1
1433 2 1
5675 3 5
4024 1 2
5814 2 5
232 4 1
1340 1 4
9457 2 3
2780 3 2
4018 4 3
2996 1 3
1227 5 3
1879 1 5
222 3 2
5530 2 3
1388 3 1
8731 2 2
5412 1 4
8964 2 5
5116 1 5
1635 2 3
3008 1 4
167 3 1
9867 5 4
1699 4 4
9362 3 3
6904 2 2
4291 4 4
5513 5 3
9860 2 5
9590 3 1
9796 2 1
7391 1 4
5248 4 3
9329 5 1
4829 5 1
8239 2 1
3679 2 1
9482 5 5
2107 4 2
1293 4 4
9881 2 3
6521 3 2
2459 4 1
7579 2 4
5891 2 4
2662 4 1
6385 5 1
9489 3 3
2504 1 2
680 4 5
2778 5 2
6339 1 1
9185 5 1
5389 2 1
3035 4 2
7443 3 1
9836 5 3
9100 3 5
1834 2 2
7792 2 1
7534 1 1
4890 5 5
8573 5 5
876 2 5
2484 1 5
8956 3 4
7623 1 1
4520 1 2
102 5 1
4545 2 4
2392 5 4
9098 4 3
8687 2 2
3285 2 2
1389 5 4
4865 1 3
1755 2 2
4248 3 3
1395 5 4
717 4 1
3585 2 4
1730 2 2
8553 3 4
865 3 5
7871 3 3
7890 3 4
9358 1 2
7955 2 2
2476 4 1
9473 3 2
6602 5 3
9306 1 1
6413 5 3
54 1 4
10000 5 5
2284 5 3
3715 1 5
391 2 4
8490 5 4
9796 3 1
2520 3 3
2650 3 1
7097 5 3
6652 2 1
5632 4 3
6349 5 2
4219 2 1
2490 3 3
5482 1 4
5878 1 4
7594 1 3
1209 2 2
1425 4 3
309 2 1
2396 4 3
2253 2 1
5557 3 1
3764 4 1
532 3 2
9806 5 5
6471 4 4
3772 4 1
4564 5 4
2633 5 1
2221 4 5
4973 2 3
5761 5 2
5934 4 5
5907 5 2
3428 1 5
6372 2 5
4563 5 4
4492 1 3
8649 5 5
8464 4 5
9047 4 1
6102 4 2
9060 5 3
6501 3 5
6234 2 5
9737 3 5
1516 4 2
2968 3 5
3988 4 2
2151 5 5
725 5 3
5911 2 3
1693 3 4
3534 3 1
2733 2 2
2316 1 4
7064 3 4
1005 1 3
2165 5 5
1524 2 5
1170 5 3
7201 3 5
5023 3 1
9737 1 5
2547 1 3
3210 5 4
3822 2 3
9594 5 5
2979 5 5
6126 5 4
9433 4 4
7738 4 5
4543 4 4
5870 4 2
988 3 3
3998 2 5
6363 1 5
5372 2 5
2756 5 2
5006 3 2
7599 5 2
7581 4 1
1918 2 3
2428 2 2
8426 4 1
670 5 5
3551 1 4
642 1 5
6786 4 3
5140 2 2
8826 1 1
4895 5 4
1168 3 2
4842 1 4
333 2 3
6001 4 2
5568 1 4
1477 5 1
2336 3 5
1655 5 3
1 2 1
9750 3 4
1028 3 4
9245 1 1
7800 3 5
4603 2 1
5758 5 4
8341 4 2
8290 3 1
6977 2 2
3427 4 3
6538 2 4
5613 1 4
4928 4 3
88 2 2
1171 2 1
9941 1 3
3840 1 5
5969 4 4
195 1 5
9103 2 2
8172 4 2
1161 2 2
2374 4 4
8729 2 3
736 1 2
1176 1 4
2607 5 5
1710 3 4
1008 5 5
6396 2 2
8397 4 1
7504 5 5
7549 1 1
5690 2 5
3959 2 4
6872 1 2
397 4 1
1498 2 2
3731 5 2
9190 2 3
4299 5 2
8201 5 3
1753 4 1
9921 4 1
6841 5 1
42 5 3
1088 1 1
9562 4 5
1326 5 5
4565 4 2
8919 5 5
6294 2 5
1433 2 3
6269 3 3
1499 3 4
1594 5 3
9103 2 1
3575 2 5
3014 3 5
5939 4 2
3552 4 5
3517 3 4
6705 3 2
7500 5 2
8215 3 1
7618 5 1
3403 3 1
9560 4 3
3530 5 5
3690 3 3
1307 2 1
5257 3 1
7084 5 5
7481 2 4
1901 2 1
4785 1 3
6531 1 2
81 2 5
2900 4 2
2914 4 1
8001 3 1
1164 4 2
7224 1 5
8759 2 2
7467 1 3
559 1 2
9481 1 4
627 1 2
5933 5 1
4238 5 4
3101 2 4
5421 4 5
3010 3 1
4445 5 5
3390 4 1
6853 4 5
8020 1 3
7118 5 4
9573 1 2
322 2 4
3775 2 2
2682 5 3
9524 3 3
4299 4 4
7156 2 1
3073 2 2
9094 3 3
4274 4 3
2645 5 5
7562 2 2
7485 2 3
2979 3 4
9618 1 5
4239 5 1
5322 4 2
7632 4 3
5809 3 4
3751 5 2
9877 2 4
2729 2 1
184 5 3
9000 4 1
3287 2 4
7249 1 5
7642 5 1
4963 5 3
6362 2 5
6752 1 4
3781 5 1
9240 1 4
1486 5 5
863 3 4
7992 3 2
2693 5 5
625 5 4
7557 5 5
4837 1 2
9187 5 5
3928 2 1
5190 2 1
8348 2 2
9076 5 4
9683 5 3
762 4 2
7077 2 4
1306 1 2
5687 4 1
2304 1 1
6292 1 1
5124 5 2
1395 5 5
8628 3 1
3349 4 3
1736 1 3
4658 3 4
1971 3 5
9205 3 3
2823 1 5
3026 5 5
6793 2 4
5533 3 4
5381 5 1
6185 5 2
2847 2 3
7140 5 5
5452 5 2
8769 2 4
8388 1 1
996 4 4
3051 2 1
7565 3 1
8315 1 1
3589 5 1
229 5 1
9026 5 4
9818 3 3
8150 5 1
5374 5 1
7168 5 3
3598 3 4
1437 3 3
1850 5 3
2644 5 2
1952 3 5
5937 1 3
5967 1 2
2446 2 2
1038 4 5
5242 2 2
2956 1 5
8451 1 5
4849 5 5
8429 2 4
3317 1 5
37 3 4
8004 1 2
5121 5 2
9641 5 1
4685 4 3
2061 1 2
4844 2 3
8969 4 3
9936 2 5
5995 5 1
2011 1 4
8708 4 5
9148 2 3
6547 1 5
747 3 5
3769 4 5
5221 2 1
9452 5 3
856 3 5
6276 5 3
5829 3 1
3934 3 2
9129 5 4
4064 3 4
7308 5 4
3437 4 1
3281 2 5
5132 3 2
2379 3 3
5785 4 2
218 2 1
8624 5 5
906 1 5
4811 5 2
1728 1 5
5381 1 4
8425 3 5
6519 2 3
4914 1 5
8372 2 2
9261 5 5
6931 2 1
3184 2 4
7798 1 2
4432 1 2
5702 4 5
7172 4 1
7880 5 2
9479 2 5
8732 1 5
2155 3 4
5029 4 1
1624 1 4
9539 4 2
5332 3 4
3702 4 5
8182 3 5
6726 3 3
309 2 4
7719 5 4
5325 2 5
2802 2 1
1067 1 4
8070 1 4
1974 4 5
6628 1 1
8902 5 5
6709 2 1
7442 2 1
6054 5 2
5111 3 3
8362 5 3
9365 3 3
6223 1 3
2955 2 1
1321 5 1
4884 3 1
9382 4 4
736 4 3
5417 4 1
6492 2 2
726 2 1
3844 4 1
3419 2 3
6041 3 5
2474 1 5
4076 3 1
6276 1 2
7359 5 2
1905 4 2
9808 3 3
8100 4 3
6402 4 3
5419 3 3
1978 5 3
3342 2 5
8593 4 4
3173 1 1
9368 1 3
3169 5 1
7239 1 3
3067 2 3
9441 5 3
2915 5 1
9219 3 4
8255 4 1
5789 5 3
2189 4 2
1679 5 3
636 4 5
1515 4 1
9616 2 4
3087 2 3
7921 3 4
7778 4 2
5680 2 3
4441 5 1
2125 1 3
1341 4 4
9784 1 3
8803 4 4
1472 3 4
1244 4 1
841 5 2
5889 3 3
3712 4 4
7822 3 1
389 4 1
9075 2 1
3561 5 4
5543 5 5
7304 4 2
4644 1 4
6186 3 4
8251 4 4
1990 2 5
9031 3 2
3362 1 3
448 3 2
7512 1 4
5411 5 3
7158 3 5
831 2 3
1632 4 5
421 1 1
8388 1 1
3034 5 3
2696 4 5
3440 1 3
7749 4 5
1207 3 3
4600 1 2
4191 2 1
7025 4 2
5665 2 4
3713 3 5
9477 5 2
8102 5 2
9109 1 2
3262 5 5
6502 5 5
2368 5 1
9925 3 5
8613 1 4
1958 4 2
7962 1 2
3932 4 2
6186 5 5
8326 2 1
2452 1 1
2806 5 5
6037 2 1
2355 3 3
4925 4 4
4156 3 5
4633 4 2
8821 3 2
8520 5 4
2529 1 5
2505 4 5
3904 4 3
438 1 4
8295 3 1
2318 2 2
7875 5 4
1196 4 5
4146 1 5
6894 1 4
3581 4 3
8634 2 5
1013 5 3
2632 1 5
5505 2 4
5616 2 2
9867 5 5
1652 2 2
1900 1 5
4246 1 3
3435 4 2
541 2 4
763 2 1
5432 4 2
5963 5 5
8036 5 4
8976 5 4
5043 5 5
3607 4 1
1759 2 2
3423 1 4
4288 1 3
8350 4 1
5232 2 3
4361 4 2
7490 2 4
5043 2 5
2674 4 5
9438 5 3
6553 3 3
6175 5 3
3348 1 4
8431 4 4
6706 3 2
3918 4 5
5869 4 5
1182 5 5
5030 4 2
6220 5 4
3272 4 2
2489 1 2
1316 4 5
5076 4 1
7105 5 1
63 5 5
5501 3 5
1384 4 3
7477 1 2
347 3 5
8744 4 3
4829 4 2
1170 5 5
8875 5 5
1782 5 3
7074 4 1
1965 3 2
4084 4 3
3413 4 2
2182 3 3
4650 4 3
8271 1 3
7841 5 4
1878 1 2
5975 3 4
482 2 4
1467 1 3
7376 1 3
1150 5 2
2122 2 1
6035 1 4
4027 1 3
2294 4 2
9078 5 2
3770 5 2
8665 4 4
2789 2 2
5391 2 4
4568 3 5
8306 3 3
1701 2 4
3208 4 3
4575 4 5
2408 1 4
5058 4 5
7637 5 2
3003 1 3
7974 2 5
1844 3 1
7873 3 1
5512 2 3
3148 3 2
6834 4 5
1636 3 5
7378 3 4
1284 2 1
6344 3 3
5937 5 1
7217 3 2
4147 2 3
6637 4 1
3562 1 1
2302 5 4
9284 1 1
9330 4 1
8217 5 3
8797 5 1
1938 4 4
4559 3 1
4996 5 4
9592 3 2
3884 1 3
1732 4 3
6530 4 3
8485 1 4
3383 3 4
7322 2 1
3762 4 4
1119 2 2
2571 5 4
6375 1 3
4231 1 1
7448 2 2
907 5 1
6066 1 4
8994 1 4
4724 1 1
5236 2 3
4221 1 3
9872 3 3
7595 3 4
4456 1 5
9325 4 3
9313 4 4
2282 4 5
6701 1 5
8281 1 2
6558 3 3
8862 3 1
1488 1 4
1652 1 4
6094 4 4
1787 5 2
1892 2 2
5344 5 1
858 1 4
856 3 5
1249 2 4
9424 1 2
7303 3 2
4250 4 4
8520 4 4
9476 1 1
3762 1 4
8752 1 2
2004 1 4
7727 2 3
5276 5 2
3583 3 3
5965 4 1
1630 4 3
4255 5 1
356 1 3
5076 1 5
2450 1 2
4642 1 4
580 1 3
6900 5 1
3647 2 5
4347 3 4
2186 1 5
556 3 2
3754 3 3
3339 3 2
657 4 4
2548 2 4
552 4 3
3950 3 3
3267 4 1
5076 4 3
6016 1 5
5971 3 4
8812 1 5
2063 1 3
527 4 1
6836 1 3
8959 3 3
2416 3 5
3479 5 4
8799 4 4
6614 3 3
1023 5 3
8769 5 4
6302 2 3
6168 2 4
9680 1 3
8340 5 3
5992 1 2
7282 4 1
9788 5 5
8736 5 2
8635 5 4
8532 5 3
8151 5 2
8005 4 4
3905 2 4
9522 2 2
1161 3 4
2319 1 2
144 4 1
9470 2 1
5137 3 3
3568 2 1
5914 2 1
2828 5 5
3226 3 4
5952 5 1
969 4 2
9469 1 5
8264 3 1
9458 5 2
4781 2 1
9925 3 3
4629 1 4
332 5 3
9356 1 3
2206 5 5
4638 1 3
9628 5 3
6708 2 4
5222 3 4
5245 1 2
9703 1 1
7610 4 2
4725 4 5
1660 4 4
5764 1 3
5350 3 3
7620 2 4
3271 4 5
1084 1 1
9992 2 1
3092 4 4
8345 2 1
9904 4 1
7880 3 4
2047 4 4
9961 4 3
6156 4 1
4014 5 3
5473 2 5
3902 5 2
2503 5 5
8542 2 1
1110 2 2
6214 1 1
376 1 3
5726 3 2
3111 3 1
125 3 4
3015 3 1
3413 1 4
2292 5 3
6290 5 5
3424 1 1
1531 1 5
5651 4 5
5158 5 2
9003 3 3
945 5 4
6143 1 1
1037 3 2
498 5 3
9466 4 5
5068 2 2
2961 2 5
7260 5 4
1176 2 5
4294 4 3
8188 3 2
3550 2 5
5779 1 2
344 3 1
2579 5 2
4514 5 5
6630 4 3
7638 5 2
5406 4 1
1725 2 1
4692 4 1
6350 2 4
1781 4 2
2281 4 5
1608 5 5
4370 1 1
1958 4 2
4935 3 4
5416 2 1
9245 3 4
8076 4 1
1721 5 1
309 5 4
6172 4 4
9241 3 5
5548 3 2
6393 2 3
6944 1 1
9540 5 3
1570 3 3
4772 1 4
5590 2 3
1311 2 5
206 1 5
3878 5 3
3736 4 1
919 4 3
8341 1 4
1081 3 2
6521 2 3
8553 1 3
2612 3 5
684 2 2
8470 3 3
1875 4 5
3688 3 4
8390 2 1
62 3 4
6976 5 5
7649 3 5
2770 4 3
2593 1 1
8469 5 3
4965 5 4
306 2 5
4205 3 3
453 4 1
262 4 1
2587 2 4
5078 1 2
445 5 5
2922 3 2
6312 1 3
4887 2 2
6881 1 4
4861 4 3
5067 5 4
481 4 3
3741 2 5
3402 4 2
4875 5 4
3269 1 3
5311 2 2
7482 5 5
4499 2 1
6385 4 1
4858 5 3
8519 5 5
5707 2 5
6031 4 5
3652 2 5
2805 5 5
7918 5 5
9593 3 4
5542 5 2
9573 5 5
3668 2 5
2870 4 3
6425 5 4
645 1 5
3543 1 3
3709 4 1
6888 3 3
7799 1 1
6537 5 5
558 1 2
8603 3 2
9278 4 5
8910 5 3
744 3 3
3977 2 3
7017 2 4
1091 4 3
1535 5 1
5989 1 4
8035 2 1
7964 2 1
9605 4 3
4807 4 5
8008 4 2
4748 1 1
7273 5 3
7314 2 2
3038 2 2
1337 1 5
398 5 3
7065 3 3
7842 3 5
4206 5 3
507 2 4
583 4 2
2864 4 2
5944 5 2
9774 4 1
5920 1 1
7536 1 3
4404 2 4
5979 1 1
5795 5 3
2341 1 4
928 5 2
3039 3 3
5193 5 5
949 4 5
8881 2 1
7520 1 4
7975 5 1
162 2 4
8827 1 1
6442 5 1
7086 5 3
2788 5 3
3639 4 4
9983 5 2
4993 2 1
5116 5 3
564 5 4
6901 3 5
2463 2 5
7433 3 5
9286 2 1
3180 2 1
81 5 2
5424 1 2
442 4 1
3925 4 3
5744 2 4
3002 3 3
8664 3 2
8417 2 2
3338 2 1
5430 2 4
6249 4 3
9556 2 1
7833 2 2
2057 5 2
4945 3 1
7136 5 1
9717 3 4
8169 1 3
7075 4 2
7993 1 4
661 1 1
283 4 2
4861 5 2
1819 2 4
9463 3 2
1122 3 3
1232 5 4
3371 3 4
5264 2 1
7211 2 3
9312 4 5
5672 1 1
454 5 2
3273 4 2
639 1 1
3464 5 2
6109 1 2
9357 1 1
1640 3 1
9693 2 1
7804 3 3
1673 3 3
8779 3 1
9319 2 2
8202 3 5
8822 2 5
7409 5 5
7305 2 2
4049 1 3
291 2 2
344 1 2
469 5 5
9028 1 5
2589 4 3
3079 1 1
2430 4 1
2094 5 2
6547 5 3
7060 2 4
4698 5 4
2883 1 2
6007 4 2
3424 2 2
4659 3 2
5871 3 3
2828 2 3
9700 3 2
1257 5 1
8442 5 1
2486 1 5
9406 3 3
8514 3 1
6256 3 2
7625 1 3
4129 4 3
5909 2 1
3115 1 1
971 4 5
571 4 5
4313 1 3
8047 5 5
763 2 5
5900 4 3
5640 5 4
636 4 1
4221 5 5
4358 2 2
2331 2 2
5481 2 3
749 1 4
3779 4 5
7008 4 1
617 3 2
837 1 2
11 2 4
8438 2 4
8686 5 4
7808 1 2
9856 5 1
7088 5 3
1873 5 3
4392 3 3
752 3 1
621 2 1
17 2 1
419 2 3
2248 1 4
1773 4 4
5184 4 3
8336 4 5
4626 3 3
1046 3 3
145 3 2
164 3 5
8263 5 1
7543 3 1
8023 5 2
3980 4 3
1478 4 4
5079 3 2
9466 1 1
3799 5 2
9676 5 4
8346 2 5
271 5 1
4418 4 2
2584 3 3
13 3 5
4365 1 1
8547 3 4
9030 3 5
3239 1 5
5090 4 2
863 1 1
3841 3 1
7778 3 5
5104 5 1
9103 3 4
7083 3 2
8191 1 2
3673 4 4
9249 1 4
8799 3 3
723 5 2
8006 1 1
7970 1 2
6645 3 4
8924 2 1
7810 4 3
7466 3 5
9330 1 1
4967 4 1
1722 5 4
4222 3 5
2236 5 2
8514 3 2
4230 5 3
9557 2 1
1384 5 3
5886 3 2
1581 1 4
6965 2 2
8659 5 1
454 4 2
6566 2 3
8722 5 4
3372 5 2
2306 2 4
443 1 3
4028 5 4
3232 5 3
9453 4 2
4048 1 5
7939 5 2
5558 4 2
7916 3 3
7890 4 5
7931 5 4
5057 2 4
906 3 1
7139 2 1
1240 1 2
1220 2 5
3871 1 3
947 4 3
9676 4 2
4537 4 2
9460 2 2
403 3 1
8675 3 4
6539 3 4
3813 2 4
6613 5 2
3623 2 3
4872 1 4
3134 3 3
1225 2 4
4921 3 3
3914 5 4
842 1 4
9872 1 4
1842 1 5
7289 1 5
2183 4 1
5434 4 3
6234 5 3
660 3 2
9407 4 1
2425 4 2
7879 3 3
1867 4 4
8250 1 2
1449 2 1
9124 5 1
3899 5 5
7074 2 4
8634 1 1
7588 2 3
8580 5 1
8780 5 1
2154 5 2
2874 5 3
4911 3 3
5811 4 5
2587 3 5
4499 1 2
5847 1 4
230 5 3
5207 5 5
2846 3 1
4323 5 3
4112 1 1
878 5 3
5362 3 3
6241 5 4
989 1 2
4013 4 1
8722 1 5
8324 1 2
9776 3 5
6348 2 1
5458 1 1
6520 4 5
6451 4 1
6273 5 5
7169 1 2
8146 2 1
7580 2 2
9349 2 1
1105 1 5
5534 1 1
7736 4 2
9694 4 1
3918 5 2
9767 1 5
8123 5 2
1070 5 5
4678 2 1
5762 2 4
2304 5 3
5709 3 4
8820 2 3
9379 5 4
6412 2 5
1598 5 2
5642 5 1
2727 1 2
8964 3 2
7481 3 5
4902 4 1
2368 3 3
1759 2 3
6781 5 3
9410 3 3
300 3 1
6546 5 1
6738 5 5
1466 5 2
3050 1 5
2567 3 5
6080 1 4
1861 4 4
5958 4 5
5600 5 5
5652 3 4
1915 1 5
9527 2 1
3070 2 1
252 2 1
4298 4 4
5712 5 3
3153 4 5
328 2 1
6955 4 4
304 5 3
497 3 4
65 2 3
9668 2 5
1050 5 5
5817 1 2
2383 1 1
2206 2 1
2663 1 4
2007 5 5
2445 3 3
4604 4 4
4015 2 3
4213 4 3
528 1 2
6173 5 4
1216 3 4
125 5 2
714 5 3
4958 2 4
6128 1 1
759 2 3
1733 3 3
5795 4 5
112 2 2
9633 5 5
2485 1 1
8594 2 1
4628 5 1
1155 3 4
3927 2 5
2919 2 1
2883 1 4
3247 5 5
8233 5 2
8048 1 4
6778 2 3
317 4 5
4066 1 4
251 5 1
4784 3 2
1322 4 4
5113 2 3
7180 1 3
8604 5 1
41 4 2
124 4 4
6662 4 3
4411 4 1
7181 1 1
2773 2 2
5497 3 1
2952 1 5
9138 2 3
6755 1 5
6183 2 1
3366 4 3
865 1 3
3768 2 5
2766 4 1
3069 1 3
7116 5 2
5444 2 5
1836 2 3
4917 3 4
6534 5 2
1023 4 1
2331 2 1
4211 4 5
1704 2 4
6338 2 4
2677 3 1
2581 3 3
5513 1 1
8212 5 5
5899 5 3
7621 3 2
4023 1 4
1794 4 5
2893 5 5
3828 3 3
1212 4 4
4297 2 2
6247 5 4
3095 3 3
4018 4 1
814 3 4
7143 2 5
6716 1 1
3110 2 2
8495 1 3
2050 5 3
7860 5 4
7039 1 1
7229 3 2
2545 2 5
1433 2 2
9126 4 2
8618 1 3
758 4 3
3149 2 2
6413 4 5
3083 5 2
6749 4 3
8840 3 2
5594 3 1
5050 4 5
9322 4 2
9688 1 4
2932 2 2
4334 2 1
6229 2 2
4935 4 1
5856 4 2
2126 5 4
2155 5 2
8645 5 4
9450 4 2
1848 4 3
1645 1 1
4407 1 2
3412 4 5
1145 2 1
5410 5 5
5109 4 2
103 1 4
6945 4 5
3116 2 1
6269 3 3
7287 2 2
4689 2 5
7675 2 1
2004 5 2
8119 1 2
1564 2 3
6304 4 5
5332 1 2
8092 2 3
9613 2 5
4739 1 3
2853 5 1
1172 4 5
939 2 2
4328 2 5
5823 4 1
1536 3 2
449 2 4
901 3 1
6610 4 1
4482 3 5
8120 1 3
3620 1 1
7918 2 3
5416 4 3
1965 1 3
8892 4 5
7816 5 4
474 1 2
3137 3 2
6542 2 4
6963 2 1
7420 5 3
5750 5 1
1389 1 4
5178 5 5
5008 3 1
2612 2 1
2485 3 1
325 1 4
4100 1 1
6146 3 3
1496 4 5
232 3 4
6135 3 4
6218 2 1
9782 3 5
1332 4 3
6183 2 5
1443 5 4
6247 1 1
7613 3 4
9185 1 4
9006 1 2
3142 5 1
3771 4 2
1428 1 2
5277 2 2
256 5 1
9700 1 3
4997 2 5
82 4 2
3850 1 4
4411 3 3
6074 3 4
6793 4 3
2472 2 2
3493 2 5
6093 1 5
367 3 3
8297 2 2
4773 2 5
7810 5 3
8494 5 2
8257 4 5
1109 4 2
6900 5 2
6700 5 4
1289 2 1
9701 2 4
5293 3 5
6657 3 3
9233 2 5
6850 3 4
5104 3 2
9328 3 5
6957 2 2
6105 4 2
8691 3 4
4652 1 1
4440 1 2
4186 3 3
746 3 5
8116 4 2
8978 5 5
3432 3 4
5910 2 4
5749 3 4
8858 4 1
6932 1 1
5715 2 5
7027 5 5
8349 4 3
8208 3 4
1011 5 2
9424 2 3
4369 1 1
4274 5 2
1754 3 4
1792 2 3
5707 5 1
9861 3 5
393 2 4
8623 2 3
9053 1 5
8796 1 3
636 4 5
3502 3 2
6380 1 4
4348 2 5
8914 4 4
6225 4 2
2763 2 5
7588 3 2
3856 4 2
9 2 2
6357 5 2
3316 2 3
8359 3 1
6043 4 1
2086 3 5
1307 3 5
2035 4 4
7620 2 4
8834 4 4
1582 1 3
2645 2 4
8236 1 3
7182 5 1
7863 2 4
9501 5 5
5864 1 3
2124 2 4
5341 2 4
8238 3 3
2789 3 3
8888 2 5
62 4 1
8284 3 4
7332 3 1
8634 4 4
9192 5 4
2337 3 4
75 3 4
1176 1 2
4339 2 1
920 4 3
4769 1 4
4927 1 1
4937 5 5
8535 2 4
8242 5 3
1862 2 1
1716 4 4
4308 2 2
9867 2 2
5875 3 4
8807 1 5
5927 3 5
52 3 4
2381 5 2
2658 2 2
5203 5 5
5685 3 1
3180 1 1
4978 3 5
4123 1 4
4818 3 2
6359 2 3
3577 3 4
4929 1 5
3767 4 1
8033 1 3
3499 1 3
6348 3 3
5692 3 4
9200 3 3
6936 5 3
4058 2 4
9537 2 5
6680 1 4
537 2 1
6151 3 3
8679 1 1
5176 3 2
9518 2 2
2681 4 4
2520 2 3
5176 5 2
469 2 3
2012 4 1
1310 2 2
8111 3 3
3891 4 5
6760 1 5
758 1 3
456 3 1
9808 5 1
6600 3 3
9049 3 4
5226 1 5
1506 4 4
486 3 5
8674 4 4
8809 3 5
7023 3 1
5091 2 1
6752 3 3
3574 5 5
1467 4 1
9109 1 2
2166 1 5
5251 5 3
5036 1 5
5476 5 4
8320 2 1
7874 2 5
3634 4 5
6022 5 5
5846 2 2
1702 4 4
3582 1 4
7625 5 2
1634 3 1
7305 2 1
6009 4 1
4010 3 1
3915 4 2
776 5 3
5291 4 4
5259 2 3
7331 2 3
5336 3 4
9300 4 2
2011 1 4
9403 4 4
411 2 2
7015 5 3
2660 3 5
3937 2 3
7698 5 5
6192 3 2
6423 4 3
6053 4 5
7959 2 2
7488 4 5
3531 4 4
9804 4 4
9005 3 5
4437 2 5
556 3 4
6967 5 5
6667 3 2
9219 5 2
9620 3 4
9239 2 5
9455 1 1
4352 4 1
9843 3 2
4399 1 5
7158 2 5
465 3 2
1358 5 2
8896 3 3
2300 5 4
9182 1 3
2759 3 4
2796 4 4
9545 3 1
8250 1 1
7850 2 3
4602 1 1
2431 2 2
4791 3 1
5924 1 3
334 2 3
853 1 4
6786 5 3
6569 2 3
9710 4 3
7577 5 2
1687 5 3
2442 2 1
844 5 2
3096 1 1
3880 5 3
3639 4 5
5552 5 1
4389 4 1
5486 2 1
3617 3 2
1626 3 4
3547 3 4
2188 4 5
8915 1 3
8676 1 1
1355 5 2
1084 1 1
1313 5 5
2068 5 3
6324 4 2
9339 3 1
8976 5 2
5513 1 2
2652 4 2
1322 4 2
9453 4 3
274 1 1
611 3 5
473 3 1
7719 4 2
5539 1 1
1092 5 1
8100 1 5
7476 1 3
3787 1 4
1191 4 4
7792 1 1
4218 3 5
5325 5 4
6653 3 5
5217 4 4
169 5 1
1278 1 4
3517 3 1
8040 5 3
5097 5 1
4103 5 4
4535 4 2
704 5 1
4069 5 2
3004 4 3
638 1 5
5808 3 3
5908 5 1
7302 1 1
19 2 2
1254 5 5
3791 4 4
3427 4 2
672 4 3
9734 4 4
1903 2 5
5009 5 2
7814 2 2
201 5 3
1494 2 2
2539 5 3
2863 4 1
2482 2 4
5762 3 3
3600 5 2
1740 5 3
4239 2 2
2375 1 2
5512 2 2
944 1 4
9095 3 1
7338 2 2
9510 3 5
3988 2 1
3868 2 5
3550 3 2
3578 5 1
8812 2 2
8849 1 4
7435 1 2
1648 3 2
6152 4 1
5390 3 2
7133 4 5
8272 3 4
5189 3 3
1411 1 4
3811 2 2
1782 5 4
9693 3 4
6036 4 2
8325 2 2
2651 1 5
9774 1 5
5565 1 1
1928 4 5
9554 1 3
9986 1 5
9969 5 1
231 5 4
8923 2 4
5253 3 5
7490 2 5
7130 4 5
4267 4 1
3365 1 1
9376 1 2
1117 3 5
9319 2 3
1733 1 3
1959 1 1
4244 2 5
7066 3 5
3244 3 5
7929 1 3
2090 2 1
8852 2 4
426 4 4
804 2 2
468 2 2
3076 3 4
8200 2 3
3252 2 1
7441 1 3
2109 4 3
7243 3 1
7971 3 5
6891 2 2
6219 4 3
5232 2 2
3501 4 1
5987 4 5
1072 4 2
2911 2 3
914 4 5
9401 3 1
7120 2 1
2144 2 2
9622 5 3
9318 1 4
3345 3 4
8912 5 1
2099 5 2
3049 4 2
9031 4 3
7811 3 1
9229 4 2
3967 5 1
2743 3 3
8406 4 5
3744 5 1
1388 5 3
2545 3 4
3656 1 4
5829 5 2
9465 4 2
327 5 2
6073 3 3
9742 5 2
8538 3 3
8858 1 1
9798 1 4
675 3 2
3684 4 5
3017 3 1
8755 4 1
3802 2 4
3140 2 1
2275 5 2
578 2 5
2330 5 2
9515 1 2
6606 1 1
9328 3 5
5534 2 3
3985 3 3
6741 2 4
1315 1 2
3140 3 4
7381 2 1
5904 3 4
7209 2 5
1815 2 4
5853 5 5
6436 1 5
5127 2 2
4964 5 1
3647 4 2
3548 1 5
5131 4 5
3731 1 3
2393 1 5
6646 5 4
8533 4 4
196 2 3
877 1 4
6582 5 3
9297 5 4
8877 1 2
5304 2 3
892 2 1
8516 2 4
6805 1 5
3773 3 3
2030 2 5
5499 5 1
254 2 3
6509 1 1
4654 5 5
2938 3 2
6150 5 4
6006 5 3
2739 3 1
4296 2 3
8787 1 1
7149 4 4
8567 3 1
8404 4 2
4839 1 2
7028 5 2
2516 5 5
4617 1 5
780 1 1
4692 5 4
1965 5 2
8859 1 4
6472 3 4
7745 4 2
9967 2 3
9192 2 4
1370 1 1
1624 3 2
7458 1 5
6381 2 3
3968 2 2
1619 1 5
5913 4 2
2131 2 1
5672 4 5
5658 3 1
3425 3 3
9470 5 4
7064 1 2
8525 3 3
1554 1 1
4809 4 3
522 4 5
640 1 4
1999 4 2
888 3 2
8380 5 3
1871 1 3
5067 3 1
9044 4 2
2223 1 4
675 3 5
1185 1 3
8781 1 4
4526 1 3
7526 1 5
9148 1 5
3292 5 3
3458 5 2
7555 4 3
4774 2 4
6288 1 2
8801 3 3
296 2 5
467 4 3
3694 5 5
3991 3 5
3445 5 4
9810 5 5
8347 1 3
3287 2 3
5512 2 1
6840 5 4
6637 1 2
2748 3 1
4123 1 1
9724 3 5
2180 3 1
6533 3 2
780 2 3
2711 1 3
2440 5 5
3104 5 2
2093 1 3
7265 4 4
6597 5 5
7971 5 2
8197 1 2
51 2 5
4322 1 1
9557 5 5
1139 1 3
2300 5 4
4427 2 3
360 5 4
5546 3 3
3664 1 1
5634 3 5
8232 5 3
4269 3 4
374 1 5
8252 1 2
6366 5 3
800 2 2
481 5 3
1351 2 3
3732 1 1
9394 5 1
9138 3 1
4938 2 4
5258 2 4
8844 3 1
1390 4 5
8472 4 4
7425 1 1
2878 5 1
4048 3 3
6674 2 5
5746 5 4
1575 2 2
4619 2 1
2489 2 1
6109 5 1
9335 5 1
7974 1 1
4057 5 2
4587 4 3
5105 1 4
385 5 2
3253 1 5
1298 2 4
7947 5 4
6357 5 1
6626 3 3
4856 1 2
4507 4 4
9399 1 3
597 3 3
6462 4 3
917 1 4
6115 5 1
406 5 4
4492 4 5
891 4 1
4739 2 3
5775 3 2
8256 2 5
162 3 4
4168 1 4
259 2 4
5508 4 5
2362 5 1
1949 4 5
522 1 3
647 3 5
4537 2 4
3355 3 5
1160 2 3
6861 2 2
8179 4 4
4064 4 3
8713 3 1
8490 1 3
1605 2 2
7527 4 5
677 2 5
8655 2 3
8260 4 4
774 3 4
2494 4 1
6 5 3
986 2 3
7183 2 4
1893 4 4
87 1 1
7676 3 4
4294 3 4
1694 5 1
1844 4 4
792 1 3
2504 2 5
9722 2 4
248 3 1
4025 3 3
8212 2 1
2377 3 5
5563 5 5
434 5 4
1053 5 1
2389 2 3
7731 2 4
6922 2 2
6753 3 2
4230 4 3
3693 5 4
7859 3 3
8165 5 4
7232 3 4
2371 4 3
9594 2 5
8852 3 3
5715 4 5
774 2 4
6376 3 5
5271 5 2
1500 4 3
7938 1 2
9851 4 1
3670 4 3
9575 4 3
7414 2 4
3916 4 5
5975 5 4
6511 4 2
3654 1 3
4271 3 5
6743 2 3
2289 3 3
1753 4 2
5499 3 5
8003 3 5
7030 2 1
7442 2 4
1291 3 4
5736 1 2
9333 1 3
9097 1 5
365 4 5
6270 3 2
4688 2 3
8257 4 4
9107 3 5
7391 1 5
7684 2 1
9954 1 4
2175 5 3
6021 4 4
3658 3 1
2694 5 2
1624 4 1
2950 5 3
6202 4 5
5791 4 5
9394 2 2
1709 5 3
8124 4 4
8160 2 2
7373 5 5
5653 1 5
3664 2 1
2261 4 4
4623 5 1
9089 3 3
5630 2 1
9007 2 3
4019 1 5
337 1 1
2774 3 4
7904 5 4
3665 3 2
5852 2 4
8268 2 5
9345 5 2
4161 4 5
2409 4 1
103 4 3
7954 2 1
429 1 5
5196 3 1
6074 1 4
3558 2 3
5228 1 4
382 3 1
5729 4 1
5985 3 4
1373 1 5
6184 5 1
2293 3 3
8740 2 3
2689 5 2
8612 2 5
653 2 1
6060 3 4
9843 4 5
3278 3 2
9537 1 5
2300 4 3
8951 1 1
8888 3 1
6357 1 4
5701 3 2
7867 3 2
9460 4 3
8332 4 4
7817 3 4
3683 4 2
116 2 5
9449 1 3
1777 4 3
6732 4 2
8324 2 1
7371 5 1
8150 2 2
4072 5 3
5237 4 2
7617 3 3
6746 4 1
8190 3 1
443 2 1
6267 2 1
6383 4 2
260 5 4
5834 5 4
7987 3 4
9255 3 3
8643 4 1
3378 2 4
5791 3 5
88
111
141
198
231
234
289
330
385
395
487
491
631
756
798
814
855
922
981
1120
1265
1314
1527
1538
1542
1652
1786
1800
1857
1939
1942
2206
2272
2644
2667
2704
3029
3070
3153
3203
3256
3259
3402
3522
3533
3645
3793
3928
3958
4292
4421
4655
4656
4735
4827
4832
4844
5036
5089
5132
5308
5508
5545
5636
5749
5828
5832
5885
5896
5969
5986
6158
6302
6350
6404
6408
6742
7239
7242
7404
7438
7877
8052
8070
8344
8364
8465
8469
8705
8817
8913
8941
8972
9045
9096
9460
9502
9592
9753
9769
