6000 100 6000 1
9174 2 5
4221 5 5
7097 3 1
820 4 1
1607 2 3
6436 4 3
2564 3 1
9815 1 2
4870 3 3
4082 2 4
5106 1 4
5140 1 3
9662 4 4
3378 4 1
8363 5 2
7401 5 3
6802 4 5
4539 4 3
1601 5 4
5048 3 4
7676 4 2
2014 3 1
3574 3 2
1999 4 1
5050 3 3
1483 4 3
1236 5 3
7616 5 5
8375 1 4
9646 2 3
7017 3 2
8872 5 3
9836 4 4
9068 1 2
9737 5 2
6109 5 5
3223 5 1
9797 4 5
4746 3 2
1012 2 1
7202 5 4
9086 3 5
9997 1 3
4972 5 4
2942 2 3
2344 2 3
5879 1 5
5928 4 1
770 3 5
5124 3 2
4992 2 2
4795 4 4
3423 5 4
689 4 2
3509 5 1
871 3 1
3965 1 1
2651 4 2
1532 5 3
550 1 2
2622 2 3
1418 2 1
8635 4 5
1269 3 2
8780 1 3
2912 2 5
6520 1 4
855 2 2
6526 2 3
8907 3 5
4673 3 1
3373 3 3
6892 4 4
4289 4 4
7221 3 4
6057 2 5
3728 2 5
7380 3 4
4414 3 2
7664 1 4
5238 3 1
6418 5 5
6833 5 4
9598 5 2
6463 5 1
713 5 4
2432 2 3
5621 2 1
8783 3 1
4511 5 5
5554 5 1
3317 3 4
1857 3 3
1244 4 5
1946 4 4
5314 5 2
4476 2 5
405 2 5
994 4 5
7809 3 3
6508 3 2
9708 4 1
4962 5 4
3204 5 4
9724 4 3
3132 4 5
5582 3 2
6946 3 2
3782 2 5
9824 3 5
5665 3 1
8757 1 4
9637 1 2
4609 2 3
4055 3 1
4447 1 4
1823 5 3
3353 5 4
3716 1 5
6739 1 1
3268 4 4
7908 5 1
9727 3 4
1958 2 3
1015 4 5
5704 1 3
7984 5 2
6431 2 3
918 5 3
4443 2 5
2251 1 1
6437 1 4
752 3 3
2150 4 5
167 1 2
6970 4 5
5277 4 4
9594 3 2
7911 3 2
8793 2 3
3252 4 5
4529 5 1
5350 5 3
8862 1 1
7825 2 5
634 3 2
2814 1 2
4639 1 5
4053 4 5
9642 5 4
9395 1 2
494 3 3
7606 4 3
7422 4 5
8962 4 4
5985 2 3
5324 1 2
7090 5 2
7185 3 3
3142 1 5
5144 5 3
2113 5 2
9666 4 5
7794 1 4
2023 3 5
5700 4 3
6712 2 1
8251 4 1
1828 1 2
7293 4 5
6603 5 5
4422 4 4
3915 1 3
4978 3 5
4870 1 2
586 1 1
2220 1 4
8479 3 3
7912 3 4
6068 3 2
8619 2 3
8371 3 3
3658 4 3
7641 2 2
6722 3 3
6915 3 3
2251 4 2
9748 4 1
2647 5 4
9378 2 5
1254 5 1
8722 3 3
2376 5 3
7360 1 4
5539 3 2
3647 1 1
9636 2 3
3057 1 5
5107 2 2
7014 4 5
8503 3 2
3807 4 2
9314 2 1
7144 4 1
9443 4 3
4623 1 2
4896 4 1
612 3 4
3890 2 4
2943 5 5
2407 4 2
186 2 3
7889 2 5
7110 1 3
6534 4 3
6871 5 4
9243 2 4
9025 3 5
9073 4 1
1918 3 1
5732 2 4
7200 5 5
1769 4 4
4741 1 1
7049 5 3
7331 2 2
8165 1 2
579 5 4
8087 3 5
2928 3 1
9902 1 2
7003 3 2
3146 1 2
9113 1 1
4255 1 1
7364 1 5
5541 3 3
2782 2 1
4150 1 4
5549 3 5
762 1 2
294 1 2
1404 1 2
1814 2 3
5683 5 4
1324 4 5
2669 3 1
2575 4 2
291 5 3
5037 4 1
7458 5 3
394 3 2
4260 1 1
3222 3 2
2657 4 2
3412 3 4
4960 4 3
3244 1 4
9967 1 1
7187 2 3
5775 5 5
1054 5 1
1481 2 5
8868 5 2
5837 4 3
7764 4 1
654 2 3
7270 1 5
3831 3 2
1916 1 3
6629 5 2
4423 5 1
5196 1 3
7477 3 2
2231 1 4
711 4 2
4455 1 5
5983 1 3
820 2 2
2167 3 1
9172 5 5
1399 1 2
4582 4 2
9397 1 1
3133 4 2
3119 1 2
5456 3 2
8051 3 4
4412 3 1
1359 5 4
8565 5 4
5718 1 4
7717 1 3
4713 5 1
6555 1 3
1537 5 1
8833 1 3
5245 3 5
8214 2 2
2958 4 5
1549 1 1
6283 2 4
1921 4 2
8519 2 3
9234 3 5
2348 3 5
4695 1 3
5597 2 2
7337 1 5
4076 4 5
5700 2 5
8393 1 4
1602 2 3
8139 1 5
7808 4 1
1249 2 4
2815 5 2
7759 3 1
7087 5 5
1904 4 4
8416 3 5
9757 2 3
6665 1 2
9524 5 5
2043 5 3
1079 1 3
4638 4 2
1098 4 5
8394 2 5
3724 3 2
2303 1 4
6458 4 4
5855 3 1
6466 3 2
661 1 2
6113 1 2
9749 1 1
8591 1 4
8289 5 1
2653 2 1
9740 1 2
6754 5 3
9716 3 5
817 2 5
7738 4 1
1137 4 4
5191 5 5
9096 5 5
7562 4 3
3244 4 2
1159 5 1
9078 4 1
2887 3 3
7898 5 1
5454 2 4
6747 1 1
1476 5 3
1288 2 3
3145 1 5
4384 4 3
6731 1 4
5615 4 3
5237 4 5
3587 4 3
3177 2 5
7587 2 1
7216 3 4
5964 5 2
2301 3 4
2348 3 3
3928 5 5
7827 5 4
103 3 4
2222 3 2
5460 2 4
2508 5 3
2534 5 5
2217 2 4
447 3 5
1098 5 2
2447 2 3
5592 5 4
6078 4 4
8981 3 5
3213 5 4
7565 1 2
7013 4 1
502 1 1
6110 3 1
8761 4 5
8371 5 3
1833 4 4
3948 1 1
796 5 5
2923 3 4
862 3 5
1884 4 1
7238 1 1
7132 3 1
448 2 3
4307 2 2
6028 5 4
7678 5 2
4396 1 1
4964 3 3
8174 3 2
8779 5 1
8896 2 1
8023 1 3
3086 1 2
8124 1 4
3366 3 3
6089 2 5
9242 4 2
5175 2 1
6312 4 2
6110 3 3
3663 2 4
4310 3 3
6834 5 1
9509 4 5
2979 2 4
4142 1 5
855 5 3
8027 2 1
3108 5 3
3705 1 4
3910 2 4
7695 5 3
488 2 5
4926 3 2
7144 2 1
2191 3 3
2785 2 4
5969 3 3
9730 4 1
6544 4 1
1066 2 4
790 5 5
2343 3 4
5850 1 4
8394 5 4
4493 4 1
5523 2 3
5674 4 2
7393 2 5
9806 3 4
5908 5 3
8735 5 2
8087 1 5
5377 4 1
1608 2 3
2886 3 3
8717 3 1
5621 4 4
9461 2 5
8800 4 1
4200 2 2
7437 4 3
3713 1 4
9626 4 5
6218 5 3
1425 2 1
5591 1 5
7652 4 2
8831 4 1
5334 5 2
7694 1 3
9652 1 5
6272 1 1
5285 2 1
9851 1 4
5609 5 2
4077 3 1
9743 4 4
6465 1 1
1218 5 1
1702 2 5
7360 1 4
1320 4 2
1986 4 2
5870 4 5
9833 4 1
5805 4 2
1347 4 4
1783 2 4
6605 4 1
521 2 2
4333 3 4
6000 1 2
5257 1 4
2980 3 2
4807 4 1
6754 5 4
9445 1 4
8019 5 1
8245 1 3
9597 1 1
4112 2 5
8247 3 5
564 4 2
5073 4 2
9263 5 3
8082 1 1
4899 3 4
6196 2 4
4355 4 5
9594 2 5
1108 4 2
8844 5 2
4686 4 3
8834 1 3
877 1 3
9221 5 2
3942 2 5
2599 3 4
1389 1 5
9399 5 1
2325 5 4
4907 2 3
2345 2 4
7924 2 4
1842 4 4
8762 1 2
4347 1 1
7870 1 1
4992 4 1
5653 1 5
2221 2 5
5270 2 2
5304 3 5
7693 2 1
385 4 4
6482 1 5
3102 5 2
6656 5 5
805 4 4
2204 3 4
9842 2 1
7850 1 1
7192 2 1
4936 2 3
728 1 2
6506 1 3
4738 3 3
408 2 5
9516 5 2
1389 2 5
2033 5 5
5972 2 5
5477 5 5
6822 5 4
6417 5 1
5990 3 2
8039 5 2
9618 5 3
5668 4 2
7347 5 5
6208 3 2
3084 5 5
8554 5 2
296 1 1
986 4 4
1767 4 3
6850 1 1
8316 4 3
8104 2 1
6517 1 1
749 3 4
3881 4 4
3727 3 2
764 3 1
3769 4 2
560 5 3
5142 5 1
3815 3 2
3693 4 3
5945 3 3
6565 4 4
3257 3 2
4157 4 5
4149 5 3
3890 1 5
3366 4 3
8824 5 4
6153 1 5
6999 1 4
6520 1 5
2270 3 2
9751 3 5
128 5 2
8969 3 1
5730 1 1
2244 3 2
4280 5 2
3807 5 3
2563 5 1
356 3 1
8284 1 5
7437 1 3
3586 1 3
1696 4 2
8255 4 1
1916 3 1
718 3 1
5098 1 3
2133 3 4
3700 5 2
5383 2 5
3638 2 2
1345 2 2
17 2 1
6077 3 4
4501 4 2
8024 5 5
2260 4 1
3615 5 1
5900 4 4
5589 1 2
305 1 4
9891 5 4
2946 3 3
1478 2 4
6080 4 2
3740 5 3
8236 3 3
7914 2 4
9716 3 4
822 3 4
7123 2 2
7178 1 1
9818 2 5
3591 4 2
3002 1 4
5890 2 5
8482 3 4
3651 5 2
7654 2 2
6922 5 5
7982 3 2
4460 1 1
4805 4 5
5668 3 4
2071 1 5
7993 2 5
2672 2 2
3729 5 3
4022 3 2
5959 2 2
6067 4 3
847 1 5
2605 3 2
2853 4 3
7010 1 3
4487 3 5
5376 5 1
7218 5 5
5034 3 2
6268 2 3
6005 4 1
549 3 3
9136 2 3
6490 2 5
9336 5 5
1920 5 2
9282 3 1
7451 4 5
7537 3 1
2339 3 3
8006 3 5
3440 5 3
9386 2 5
7097 1 5
2758 2 2
5539 5 3
4481 2 2
4294 2 5
3735 2 4
7266 5 4
2554 1 4
6495 4 4
3520 5 5
9115 1 1
3222 4 3
5230 2 1
3038 4 2
187 5 5
3707 4 2
1391 2 2
9987 3 2
4502 5 1
787 1 2
6494 3 5
8706 5 1
2606 1 4
6690 4 3
7681 4 5
9893 5 4
7802 1 4
9060 2 4
2746 1 5
6257 3 2
6578 5 1
4681 2 2
2880 4 5
997 4 5
2361 1 5
3107 4 2
9602 4 2
9108 3 2
4288 3 2
9627 5 5
6517 5 4
3811 1 4
3601 4 1
3650 2 4
8328 1 2
7820 4 1
7358 1 1
9093 2 2
5864 1 5
5654 4 4
399 5 2
5238 1 4
613 1 2
6568 5 3
1487 3 1
3769 1 5
6842 1 4
9946 4 4
2332 1 1
7478 5 5
8194 1 1
3260 3 1
3809 4 2
6529 5 1
2268 3 3
3630 4 4
6370 3 1
6719 3 3
3003 5 4
1720 1 1
8373 4 1
2476 1 2
9952 3 4
4103 2 4
3021 5 3
3280 2 1
7194 4 1
7753 1 2
5531 2 5
239 5 4
7935 3 2
6001 4 3
6624 1 3
8766 3 5
5049 3 4
481 4 3
8444 1 4
4220 5 2
1375 4 2
9986 1 3
6062 2 2
893 2 1
2621 4 2
8609 3 1
4543 3 1
8799 5 3
2104 5 3
8870 1 3
5682 4 3
6003 1 3
3573 2 4
243 4 2
3746 5 5
3371 1 1
8724 5 4
4331 4 5
4728 5 3
624 5 4
2888 1 4
9587 4 2
1591 1 1
2699 1 2
1825 1 4
4208 1 4
334 1 1
8956 4 1
1475 5 5
5595 1 1
3081 5 3
905 2 5
3796 3 1
4288 5 3
4933 1 1
8638 5 5
3708 2 5
265 1 1
8492 5 1
8294 4 5
423 1 2
9334 4 1
3759 2 2
1562 5 3
7507 5 2
9572 2 3
1181 2 1
236 5 3
3784 2 4
7532 3 5
39 3 5
4254 3 1
1462 1 2
642 1 4
5917 5 2
933 4 5
8490 4 1
8152 2 4
8374 2 5
2119 2 1
3953 4 2
5006 5 4
332 1 4
6448 3 2
7731 2 3
6429 3 3
4618 1 2
6220 1 4
7703 3 5
2247 5 5
519 4 1
4087 2 1
2308 4 2
2400 4 1
372 3 4
8551 5 4
5464 3 4
5365 3 4
1962 4 1
1998 2 1
8661 1 1
8705 2 2
3215 2 1
9541 1 4
6927 1 3
3437 2 3
6719 5 5
6779 3 2
3913 5 1
338 2 1
1417 4 5
834 5 5
9608 5 5
4318 5 2
5110 4 4
2593 3 3
8818 2 1
2391 2 5
9830 4 5
4566 2 2
7479 2 2
2763 1 3
7068 3 4
4763 1 5
5015 4 3
1083 4 4
5847 2 5
6708 4 5
1853 2 1
2296 3 5
7190 5 4
2428 2 3
3606 1 5
1961 1 2
7744 1 2
7261 1 5
1153 5 5
8094 5 3
6423 1 3
3239 4 4
7139 5 5
5371 5 3
4672 4 5
5415 1 4
707 5 5
4842 2 5
9961 5 4
8462 5 3
5726 1 3
7839 2 1
5420 3 3
3214 2 5
8780 2 2
6045 5 1
8306 3 2
503 3 1
6933 5 5
6533 3 1
9696 2 5
3191 5 5
4037 2 4
8549 1 1
238 2 2
2618 2 5
182 5 4
876 4 5
1119 2 1
7719 1 5
4015 2 3
4635 5 2
7445 5 2
5342 3 3
9957 3 4
1492 4 3
1293 1 1
9950 3 3
2258 3 4
8424 2 2
7107 4 5
1197 4 2
5488 4 3
9106 5 4
2942 4 3
127 3 1
9187 3 3
6248 4 5
6031 5 5
6044 3 4
6613 4 4
7633 3 4
4626 2 2
9578 2 4
571 4 5
1538 5 2
3718 1 1
3298 2 2
7863 4 4
1237 1 3
3101 5 4
1305 5 3
2122 1 4
7953 2 4
5967 5 4
7525 1 2
3603 5 2
8919 2 4
5682 2 1
1489 2 4
7254 3 3
7172 4 1
5426 2 1
6486 4 3
2227 2 1
8425 5 1
5506 5 5
2886 5 5
3772 4 3
4454 2 3
6882 5 1
2126 4 4
9715 3 1
137 1 1
4199 1 3
8058 5 1
2608 1 1
5380 5 1
4091 1 4
714 4 3
3956 1 5
8448 2 5
8493 2 2
5700 1 1
5439 3 4
2863 5 1
8585 1 1
1579 4 3
3629 5 1
533 1 4
6398 3 2
9810 3 2
7673 2 2
1908 5 5
9908 4 4
7874 5 5
5223 3 2
9989 5 2
6122 4 4
7116 1 5
6985 5 5
8650 3 5
5999 5 5
6158 4 2
2681 2 2
4586 4 3
5971 2 2
188 3 3
3950 4 3
2136 1 5
8940 2 1
5874 5 5
6328 1 3
9280 2 3
8636 5 4
3655 4 2
8047 2 1
6 4 2
608 4 2
7771 4 2
9064 3 2
8903 5 1
9012 5 1
6758 5 1
4093 4 2
6065 3 1
5575 1 3
1150 2 2
3121 3 4
1860 3 3
5879 5 4
2994 1 4
2875 2 5
5199 5 2
7288 5 2
8420 3 4
146 1 2
5583 1 1
3427 2 4
2418 5 3
6900 1 5
4980 1 4
7525 4 4
6099 1 5
6878 2 4
2581 5 2
1681 3 4
4617 2 4
2101 1 3
479 2 5
6167 3 2
4662 2 5
6422 2 1
8947 4 2
2119 3 1
7390 1 4
6847 1 5
2284 2 4
1064 3 3
4450 4 3
7011 1 5
4060 5 1
1688 1 3
4433 5 3
3250 4 4
6996 4 1
9881 3 2
9910 3 2
9183 1 4
4344 5 3
7718 2 2
6875 4 1
2600 1 1
1511 2 3
3888 1 4
5368 1 2
6499 4 5
7582 5 2
4562 3 4
2670 2 2
6761 1 4
7265 2 3
7068 2 3
8363 3 1
1432 3 4
7638 4 2
5773 1 5
9320 4 4
1600 4 2
1555 3 3
9991 3 5
3793 3 3
6503 5 2
6747 3 5
9442 2 5
9534 3 4
5263 3 3
2523 2 1
889 5 3
7179 4 3
7373 4 1
5462 2 3
6179 5 5
6239 2 4
6052 5 3
8741 3 2
7288 5 4
3373 2 3
7443 1 1
2088 5 1
4806 4 2
3457 4 2
697 5 4
1360 4 2
1409 5 3
7737 1 5
4868 3 1
1131 3 3
7913 4 4
2933 4 1
8071 5 5
205 4 2
1346 3 4
2225 3 5
3863 5 5
2699 3 4
2805 4 3
8085 2 1
1899 3 3
6359 4 1
1629 5 3
197 2 2
6765 1 3
8513 1 2
5657 4 3
1602 1 4
9899 2 1
5815 1 3
4127 3 1
7012 3 4
606 1 3
4389 4 1
9190 4 5
7821 1 5
7301 3 4
564 3 3
9903 5 2
6409 3 3
408 5 5
783 4 4
6735 4 5
2520 3 3
9303 2 4
2785 1 1
7988 4 4
8150 4 5
1574 3 4
798 5 4
6285 1 4
2394 2 1
2662 2 2
8398 5 3
93 1 1
5702 5 5
8871 3 5
7256 4 5
8182 4 1
2556 4 4
9287 4 3
6005 4 2
3189 4 2
3802 4 5
6263 2 2
2481 4 1
2748 1 4
1417 5 1
4928 5 1
6521 3 2
5090 1 4
1177 3 1
6419 4 2
1296 4 2
1447 2 2
5212 3 4
3747 5 2
6268 4 3
6015 3 4
7292 3 1
2306 1 4
9607 5 4
1348 5 5
6275 4 5
6959 2 4
3608 1 4
4112 2 4
9458 3 2
2798 5 2
3461 5 4
2963 4 2
5671 1 2
2914 1 2
3502 2 2
792 2 4
3698 5 1
3712 1 3
5251 4 4
476 5 3
3654 1 3
8037 2 4
7934 1 5
8936 1 3
5227 3 4
6791 5 4
8662 1 4
5515 4 3
820 3 1
2054 4 3
4419 4 1
7128 1 1
8867 5 1
401 2 3
2117 5 5
8243 1 2
9764 1 2
1422 3 4
9661 2 4
8310 1 4
9639 3 1
4225 5 5
70 1 1
5102 1 4
3773 3 5
1561 5 4
2721 4 1
3655 2 4
1403 5 3
5002 5 5
9915 4 1
4362 4 3
4864 2 4
7165 5 4
4403 1 5
5610 5 2
467 1 5
3142 2 1
261 2 2
8 5 2
3097 2 5
609 3 5
5734 2 5
771 2 4
8361 1 3
3704 1 1
1265 4 2
2498 2 5
9959 5 3
914 5 1
6295 4 5
159 5 3
8802 5 4
3165 5 1
4905 2 2
8850 4 1
1502 3 3
6555 3 4
4370 5 2
8810 4 1
8547 2 3
8093 5 3
7450 3 2
5390 5 4
2662 1 4
2289 5 1
8881 3 2
2464 2 5
8810 5 3
2828 1 3
1656 2 4
7964 1 5
8151 1 3
1792 2 2
6281 3 2
7408 4 2
2895 3 5
2169 5 1
3151 3 1
4501 2 5
7037 4 2
8533 3 5
5031 4 3
1075 1 3
9868 1 3
5762 1 2
8408 4 2
2651 4 1
7831 5 2
9693 4 2
8240 4 1
492 5 3
9976 3 4
1295 4 3
7303 2 2
1894 2 2
193 1 1
7209 1 4
8087 1 5
7685 4 4
9924 2 3
1164 4 4
6106 4 3
7784 5 3
3441 3 2
7091 2 5
6725 2 1
368 1 5
8515 1 4
1634 2 1
5758 2 3
2486 5 4
6143 3 3
8215 2 4
1720 5 5
6390 5 5
882 3 4
6015 2 1
5021 4 4
7565 5 1
7522 1 1
8171 4 4
6477 2 5
4172 3 2
2806 1 3
4375 4 1
3125 5 4
7606 1 3
1731 2 1
7960 4 2
769 5 4
7314 4 1
6455 5 2
7381 5 1
3383 5 1
1792 5 1
266 2 2
120 1 1
6079 1 2
9858 2 2
1080 1 5
9860 5 4
3153 1 4
5851 4 2
4503 1 1
9215 4 1
9598 4 5
7362 1 4
2355 1 2
6556 2 2
3407 2 2
1553 1 1
6719 3 3
7431 1 5
3703 5 4
8761 3 2
2680 2 1
2508 2 5
8352 5 2
9147 1 5
6154 2 4
6714 5 2
196 1 3
3439 4 2
245 1 3
6410 4 3
7988 3 4
5207 1 3
4164 1 1
8351 3 4
630 2 2
1895 5 5
5817 5 4
8477 4 2
8435 3 2
8123 3 3
6015 1 5
9284 2 4
2795 5 4
1668 5 2
7139 2 5
8462 2 2
1041 2 5
9972 4 5
7020 4 2
9519 1 1
6548 3 3
3445 5 4
4474 5 2
1129 1 4
9027 2 5
798 3 3
6775 2 5
8675 1 5
9196 1 3
527 2 4
5617 3 2
292 1 3
7611 2 3
4859 4 1
2785 2 3
3273 3 4
7095 3 4
2806 2 3
3759 1 3
3379 3 5
522 4 1
4118 3 5
4462 2 2
2408 4 1
328 4 1
2086 4 3
2017 4 3
9531 5 1
8189 4 1
4048 5 1
2058 1 5
3441 4 3
4536 4 2
9947 5 5
1665 5 2
8602 2 4
5870 3 2
8028 4 1
1673 4 4
6343 5 4
2696 4 1
2302 5 3
2125 4 1
3535 3 5
6086 2 2
3787 1 5
8951 3 1
395 1 2
8307 2 3
3669 5 2
9837 5 1
5033 3 2
1389 3 3
7847 4 2
7394 1 3
4008 5 2
5433 3 5
1191 2 4
2669 2 4
1005 3 2
2202 2 1
4355 5 1
6569 5 2
1906 1 4
2579 3 1
4624 3 1
8458 4 4
2161 4 1
3888 5 2
2338 3 3
5962 3 1
8373 5 4
9777 1 5
9939 4 1
7690 3 3
236 2 5
6199 3 2
1204 5 1
6173 3 4
2068 3 3
6618 5 3
1575 4 1
1473 5 1
3433 4 5
8689 1 2
9177 5 5
3203 3 3
4382 4 5
1242 1 5
4343 2 3
7670 3 1
4129 4 3
5107 4 3
8229 5 1
2665 5 4
2264 2 4
9962 1 2
9982 3 5
8636 4 1
3578 5 3
3281 4 4
7435 3 5
6556 4 4
4111 4 1
5915 4 5
4207 4 3
2511 4 5
8454 3 3
2337 2 1
4519 3 1
5793 1 5
8276 1 4
8041 4 2
1839 2 2
3900 2 1
107 4 2
8107 5 2
2338 4 4
5681 5 3
6967 2 1
3393 2 2
8515 3 5
9034 4 1
2193 4 2
1728 4 4
1184 1 1
3941 1 1
1784 2 1
8284 5 3
4945 3 5
9428 5 3
851 1 5
5424 2 3
3470 5 5
9636 1 3
5370 5 1
2685 1 2
1187 4 1
1097 1 1
3209 4 1
9310 5 4
895 5 1
8354 3 4
4571 2 2
8249 4 5
9110 5 3
5048 4 1
451 4 5
1630 2 2
9104 4 2
9460 2 3
4113 1 5
2463 1 5
1588 1 3
6298 4 5
7964 4 5
1065 4 5
7963 2 5
5980 5 5
3870 1 5
98 5 1
6890 3 3
7212 2 4
8113 1 4
3246 4 5
2249 2 2
3585 1 3
3022 3 1
4574 5 3
9202 1 1
3160 1 4
514 4 4
9750 4 2
9348 2 2
124 1 5
7667 5 4
3427 1 3
5194 5 4
2218 4 4
2690 5 1
2447 4 1
4711 1 1
6698 5 2
6125 1 1
2702 5 4
290 2 4
6309 4 4
1597 2 4
49 5 5
1835 1 3
2118 1 2
362 5 4
385 1 3
9732 5 2
222 1 4
8501 4 4
1562 3 3
2071 1 3
6197 1 2
6886 5 4
3127 4 3
4131 3 4
4781 5 4
2874 3 1
6700 1 5
8069 2 4
3619 2 3
1706 1 4
8661 2 1
5280 1 5
7319 2 5
8326 4 1
8366 2 4
92 1 5
3533 2 5
14 4 3
676 1 4
3796 4 5
2908 2 3
4273 3 2
6309 2 3
6472 5 3
9340 2 4
1723 2 2
494 2 3
3110 2 4
4754 5 4
4960 2 2
1859 4 5
7778 4 2
6166 4 3
6974 5 3
2965 5 2
7763 3 3
7437 4 4
5229 4 1
5782 2 2
5869 3 2
2778 5 3
4627 2 1
2895 5 4
3562 3 3
3602 5 4
5901 1 4
7597 3 1
2646 2 2
178 2 4
8848 2 5
2194 3 5
4874 3 4
6921 2 5
5240 5 5
6523 5 3
5633 4 4
5017 3 1
9232 5 5
2196 5 3
5293 4 5
1514 2 1
5871 3 1
5449 4 2
3197 1 3
2850 1 2
5716 2 4
5709 4 3
1206 3 1
8750 4 5
6524 2 3
9182 1 1
5677 3 3
3513 1 1
291 1 5
6163 1 1
7901 2 2
227 1 2
43 3 2
9693 1 4
1389 5 2
2944 2 3
1337 3 4
2355 5 5
934 2 3
4777 1 2
8359 3 3
5506 5 5
680 5 5
8474 1 3
9104 2 1
7940 5 1
5434 5 2
6203 2 3
3850 4 3
9450 5 4
673 3 5
381 2 2
8701 3 4
5914 4 5
9550 4 2
5101 2 5
7011 5 3
8499 4 1
1509 4 1
3019 5 1
2453 5 2
168 4 3
3922 4 4
1706 1 4
2592 5 1
3052 1 2
155 4 2
7282 1 5
9717 3 3
11 4 4
9412 3 4
6888 3 5
5695 5 1
8099 3 4
5834 3 3
5862 3 1
3728 4 2
7975 3 4
8285 1 1
5418 5 2
8282 5 5
9852 2 3
2720 4 4
5496 5 5
9546 1 1
4439 2 2
5095 2 4
5606 4 2
2494 5 5
3202 2 1
3296 3 2
4406 5 3
6275 2 3
6274 2 3
3324 4 3
831 4 4
9943 4 1
9111 3 2
8828 4 4
5017 2 2
6191 5 4
1353 2 2
846 3 2
7793 4 4
6843 2 5
6458 4 4
2810 3 4
4394 4 1
2826 2 3
9525 5 1
823 3 3
4368 4 5
2881 3 1
84 5 5
6317 3 2
1177 1 3
5187 4 4
736 1 3
1150 4 3
1942 3 3
4812 5 1
1402 4 5
7102 3 1
3924 4 4
348 2 2
4240 3 5
3802 4 1
7145 5 3
6935 4 4
6388 5 1
9968 3 1
9909 1 5
4321 5 4
332 1 1
8311 5 4
9380 1 5
3459 2 2
2420 5 1
8558 5 1
2144 3 3
1945 2 4
8984 4 3
565 3 1
5521 1 5
5653 2 2
6747 3 4
9932 5 5
1938 3 2
6127 1 4
9579 1 4
5173 2 2
5859 4 1
3782 4 2
4804 3 3
9959 3 4
1297 1 4
4841 2 3
7262 5 1
5879 3 4
4028 4 5
8743 2 5
5391 5 5
105 1 5
9207 1 2
7901 1 4
3471 5 5
2672 4 4
4232 1 3
990 1 1
8284 4 3
975 5 4
5964 5 4
3866 3 5
9642 3 1
3066 1 4
2153 3 2
2220 1 3
1335 4 4
3051 4 1
936 4 5
9988 5 2
2749 5 1
8905 2 1
7029 3 2
298 4 5
9488 1 5
1156 1 2
9800 1 3
2351 2 1
854 2 3
9086 5 1
758 1 5
5697 1 5
9829 5 5
5029 3 1
9921 2 5
1945 3 5
5496 3 2
8202 2 3
7762 2 2
7500 5 5
5334 5 4
6296 3 4
1548 1 2
9261 4 5
4380 2 1
9188 5 4
7120 5 2
7530 1 3
6449 5 3
6026 2 5
4544 4 3
8212 2 1
761 2 2
854 4 2
6627 4 3
351 5 1
1442 4 5
2129 4 4
4198 4 1
8338 5 1
5113 4 2
6662 3 5
8575 5 4
5206 3 2
6041 3 3
4978 5 1
9847 5 2
49 1 2
2569 4 2
6297 1 4
6112 3 1
7273 1 3
3707 1 4
7992 5 3
8060 3 3
297 2 4
5478 3 5
7359 2 1
5878 2 2
3989 1 3
5410 4 1
3552 3 1
2341 4 5
7245 1 3
9299 4 2
5191 3 2
5529 1 1
4581 3 4
428 2 4
6845 2 2
6469 4 2
8552 3 1
3354 4 4
1668 2 4
2586 4 1
3557 4 3
3532 5 5
3653 5 2
4005 1 1
1377 2 4
1885 5 4
4416 4 1
5587 2 3
2942 1 1
5175 5 1
3242 1 4
4134 5 1
9176 3 5
7494 5 1
8712 5 3
3583 3 1
8483 4 1
526 1 4
66 3 3
4922 2 5
2700 5 1
2468 4 2
8534 1 5
6002 4 1
6074 3 1
4949 5 1
8997 2 3
8156 1 2
1439 4 2
4844 1 4
8162 3 4
5218 3 4
1925 5 3
7185 3 1
6017 3 2
4335 1 3
8185 1 4
160 2 3
1544 5 4
3812 3 5
9965 2 1
3237 3 2
8489 3 1
7946 1 4
3324 5 4
483 2 2
8590 5 4
4305 5 4
6 2 2
8050 1 4
9941 2 3
3694 3 2
1091 2 4
441 5 2
7374 4 5
201 1 1
145 4 3
5046 5 4
8743 3 1
6165 5 2
2349 2 2
5141 3 4
3831 1 1
7104 2 4
6121 2 2
896 5 5
7799 3 3
7520 2 1
9098 5 4
5906 5 4
5613 5 2
681 5 3
7692 1 4
7083 3 3
9041 5 4
4646 1 3
421 5 2
8438 5 3
2284 5 1
6173 2 5
1412 3 5
4726 3 2
6024 3 5
9726 2 5
109 1 2
7643 1 5
7858 1 1
5345 1 5
2772 1 5
1287 4 4
7585 4 2
4383 3 5
655 2 1
1072 5 2
7116 4 2
3842 4 4
5467 4 3
5358 2 2
9071 5 1
8434 3 3
4170 5 1
692 4 4
2591 1 3
5434 2 5
8814 5 5
5911 2 5
7743 4 1
520 1 4
2643 3 1
3186 2 2
5002 2 5
759 5 4
8111 3 1
8172 4 3
1636 3 3
8510 3 3
9531 5 2
1143 2 1
9116 4 3
5967 4 4
1574 4 2
4495 5 4
6280 5 4
3085 2 5
3397 5 5
989 3 2
6999 1 2
2833 4 3
6043 4 3
922 4 5
1565 3 4
3248 5 3
1250 2 2
6519 3 2
9518 5 3
3379 3 2
5987 4 5
8129 2 5
6227 2 3
1144 2 5
3541 5 2
5614 1 3
91 1 2
4224 3 1
7037 3 2
9406 5 3
4215 1 5
6249 4 1
9752 2 2
5772 1 4
7316 2 3
2091 3 4
2224 2 2
7223 5 5
5657 4 1
9546 1 5
9817 5 3
9355 2 1
6125 2 2
8935 3 5
6828 4 3
2426 1 3
3579 2 3
1537 5 3
8197 4 3
8911 4 3
4140 1 1
1126 5 2
2390 4 2
4328 1 3
1109 2 2
6735 5 5
8000 2 5
9831 5 4
475 1 3
9198 5 1
2428 3 5
8388 1 2
161 1 2
1925 2 1
9265 3 4
8590 2 1
2474 5 4
8993 3 2
4694 3 5
2854 5 3
662 3 2
4154 1 5
256 2 5
6593 2 4
7160 5 4
9950 1 1
1492 3 2
7591 5 5
4341 2 3
4432 3 1
1476 3 3
4947 2 2
3347 5 4
1993 3 2
8237 2 2
1172 5 2
210 3 3
2714 1 4
2525 1 2
4605 4 2
6190 1 3
4062 1 3
232 4 5
9005 4 1
6766 5 2
7542 1 1
843 5 3
7825 5 5
5770 4 2
6348 4 1
8349 5 1
237 4 3
4072 4 4
8330 5 1
6430 1 2
1219 2 5
919 1 1
2373 4 5
5948 4 1
5167 5 1
3259 3 3
6733 1 3
6364 2 5
466 5 2
8073 3 3
4686 4 3
4360 1 5
656 3 1
6407 4 5
8833 2 1
9306 2 3
3401 1 4
7943 2 2
5502 3 2
4826 3 3
8994 2 3
4042 3 1
2465 3 2
6365 2 5
3863 5 4
3598 5 2
4026 3 5
4814 4 3
2290 2 2
6121 3 4
2469 3 4
3047 5 3
4170 2 1
6301 1 2
4788 4 2
367 1 2
2634 2 1
3188 4 3
1200 4 3
9022 5 3
4726 3 5
6807 4 2
7691 3 3
2438 2 5
8866 5 5
3090 2 1
2206 1 3
9275 5 2
6687 3 2
928 3 2
9868 5 4
4519 3 5
4004 4 2
8588 1 4
2984 3 5
8852 4 2
2563 2 5
5335 4 5
4124 5 1
6265 2 1
4303 5 3
2470 5 3
7463 5 1
4123 3 4
9367 4 5
8213 2 4
1574 2 5
6475 2 3
8204 1 4
945 1 1
3995 4 2
7940 4 2
3849 2 5
1494 3 5
4822 5 3
9638 5 4
6986 5 5
4961 1 3
908 1 3
8313 3 4
6437 3 3
326 4 2
9886 1 2
6676 3 5
6682 2 3
3340 2 1
6163 3 5
8321 4 4
5773 3 2
499 2 3
9856 4 2
2591 2 2
3092 5 1
2722 4 1
1235 5 3
9888 5 2
868 1 1
7923 1 2
1367 1 3
5938 1 2
7787 4 4
8835 1 2
8242 1 4
1060 3 1
5702 1 4
225 5 2
8375 4 4
1338 4 4
8798 3 3
2793 1 1
7229 2 4
5760 2 1
4649 5 5
3942 5 3
6618 2 5
8907 1 3
828 1 2
9643 5 1
9238 3 1
6800 1 1
2006 3 2
8915 2 4
7807 2 4
7485 5 3
7154 5 2
4741 5 1
8354 2 1
1901 5 5
6850 4 5
4674 5 5
5885 2 2
5870 3 3
4203 4 4
5930 4 2
2353 4 5
7011 3 2
4970 4 4
5492 2 3
8561 4 5
9505 2 1
3262 4 1
9876 5 3
5551 4 5
9805 2 5
4069 5 5
9436 1 2
7652 5 3
431 1 2
5542 2 3
5942 3 4
4182 1 1
508 4 5
5575 4 4
3855 3 1
6296 4 4
7060 5 4
7055 3 3
7781 3 3
2766 1 5
8929 2 3
8366 3 4
9181 5 4
2771 1 2
5540 5 1
6725 2 2
564 2 2
2311 1 3
1217 2 4
6366 1 2
4891 5 4
6051 3 2
3895 3 2
6747 1 5
7931 2 4
1897 5 2
3955 4 2
5762 2 2
5749 5 5
9713 2 4
3760 1 4
9942 2 1
2114 3 5
7933 4 3
2895 1 2
5453 3 1
85 3 2
950 1 1
6316 4 2
8212 4 3
1108 1 5
6019 3 4
5040 5 3
2511 5 3
776 4 3
5723 4 3
5532 3 3
705 2 1
7290 5 4
195 2 2
2412 1 1
2968 1 1
2612 4 1
1340 4 4
1401 3 4
8665 3 5
1262 1 3
3731 5 5
7808 3 3
4602 3 1
259 3 3
1092 3 3
6752 3 4
6736 3 5
9302 1 5
163 3 2
9888 2 2
613 5 1
6250 1 1
5809 5 5
4357 5 1
4898 1 3
5006 4 3
5166 3 4
7857 1 4
3719 2 5
690 4 4
7058 4 1
9178 1 3
5523 3 3
5819 2 4
4741 2 4
9950 5 3
3196 3 1
1696 5 2
8076 1 5
3400 3 3
726 5 5
5960 4 1
7518 2 2
8911 4 2
1999 1 4
7249 3 4
7179 3 4
6826 2 4
4784 4 2
364 1 4
4574 3 2
6660 3 3
3963 2 1
3330 2 3
8751 5 5
5922 1 2
9273 2 2
2344 2 3
901 4 5
6862 1 1
9078 1 3
6501 3 3
9753 4 5
5062 2 1
6343 3 2
2488 2 5
2920 5 4
8895 5 3
9244 4 3
9714 3 3
9031 4 3
7631 2 3
8988 3 4
7926 1 3
270 2 3
8311 3 4
7609 3 3
4609 3 4
5606 2 4
3671 5 1
6914 2 4
1870 1 2
4775 2 5
4780 3 3
1998 3 2
7322 3 2
3059 1 3
3366 4 3
6880 3 2
4192 4 2
2628 1 1
9902 2 1
4386 5 2
2198 2 3
5770 2 1
1832 4 4
4788 1 3
5709 4 2
8292 3 1
3983 3 3
7784 3 3
1946 5 3
1869 5 1
6543 5 1
2610 4 4
2165 1 2
8563 5 3
2396 5 1
4219 2 2
3190 3 5
6717 1 5
4112 4 4
936 3 2
1210 2 5
1914 4 2
201 3 4
7890 1 1
2943 5 3
7661 1 4
1231 3 2
8936 4 2
6641 3 3
5274 5 5
9577 1 4
1616 3 3
1590 1 2
9579 3 1
4332 1 5
4077 3 5
1482 2 1
6273 1 2
2267 1 1
5641 5 3
6420 3 2
7190 1 2
5176 5 4
2681 4 3
5066 4 1
1901 3 1
1623 2 3
3095 4 3
1586 4 5
850 1 1
779 1 4
9869 1 5
3626 4 2
3753 4 4
6130 1 5
1497 3 5
4271 4 1
8696 5 4
2739 5 3
2944 1 1
3236 1 4
5659 5 2
6811 5 4
7363 4 3
4992 2 1
5642 5 5
645 5 4
7236 1 5
4322 1 2
2818 5 4
2047 5 5
819 2 4
9633 4 3
1084 4 4
8822 2 4
5053 2 1
7090 5 3
5089 5 2
8112 3 4
3706 1 3
9143 5 3
732 1 1
9198 4 1
5687 2 1
3544 3 4
1561 4 2
4293 2 2
6805 1 3
6319 2 1
246 1 3
103 3 2
3029 1 4
1629 3 4
4832 2 1
6513 1 4
6443 4 4
5631 4 2
2619 2 4
7916 2 5
5832 1 5
6963 2 4
2995 2 5
5346 3 5
109 4 3
3098 1 4
7662 4 1
2719 3 1
7134 4 1
1701 2 4
533 5 1
3 1 5
8175 4 4
8886 3 2
4109 5 2
5723 2 2
4970 3 1
9907 2 4
1179 2 4
9295 2 3
8212 2 4
8220 2 2
3363 4 1
6518 4 2
1831 3 5
6101 2 3
7435 4 3
7348 1 1
5398 4 1
3718 2 5
5844 2 1
6145 3 4
3701 4 5
1349 3 4
8152 3 2
1178 4 3
9599 5 2
7425 4 3
4397 2 4
3868 2 4
314 2 4
3077 3 3
4350 3 4
5202 4 2
8727 1 4
288 3 3
7288 1 5
7714 4 1
8454 2 2
4161 4 4
9016 5 2
5071 1 5
7053 4 2
4259 5 4
8995 5 5
5738 3 5
3125 5 3
2066 2 1
9621 4 4
2794 2 3
4304 4 2
3050 5 4
7056 3 1
2631 5 2
1736 2 1
9761 5 3
5432 2 2
8846 5 5
6786 4 1
8800 5 1
6508 2 1
6010 3 5
1615 3 4
6057 5 4
4261 1 3
2881 1 3
2004 5 5
772 3 1
7376 1 1
6205 1 3
8606 4 3
9815 1 2
8801 2 2
1547 4 1
9095 3 2
4834 3 2
1186 1 5
1506 2 2
7725 4 5
670 4 2
3822 4 3
5616 1 4
9726 3 2
9446 2 1
6025 2 2
3295 4 2
7732 4 4
4569 4 3
7167 3 2
8786 3 5
2365 4 5
3149 4 3
631 3 4
7979 2 5
9937 2 3
5448 3 4
67 4 3
6198 5 5
1750 1 2
300 2 4
4890 4 3
4894 4 4
9422 3 4
9961 4 1
7274 2 3
1203 5 5
4299 2 2
3482 3 1
2607 5 3
4914 2 1
6106 4 3
8109 3 2
7994 5 1
5982 4 4
8270 4 3
7453 4 5
3751 4 5
2233 3 3
7408 2 1
4687 1 3
7855 5 4
5699 4 2
6771 4 2
9290 2 4
7966 3 2
6922 4 1
4585 2 4
1636 2 3
8879 5 1
5031 3 1
2212 5 5
6942 1 2
8787 3 5
5087 5 3
503 3 3
7434 5 1
446 5 5
6453 1 3
338 1 3
8803 2 5
3817 5 1
6573 5 1
6123 2 2
3064 2 3
8225 5 4
9050 3 4
8520 2 4
1432 5 5
5231 2 4
3060 1 4
5808 5 4
6554 4 3
6415 2 5
364 5 4
5946 1 5
2927 2 5
8498 2 1
4775 1 5
262 3 4
8488 3 3
8752 5 5
5950 3 2
7189 4 5
1678 1 1
2731 1 1
9837 1 4
1525 4 4
1424 2 2
1114 5 2
8492 2 3
6954 2 3
3197 1 5
219 4 3
3877 4 5
449 5 3
3281 3 4
5917 1 1
86 3 5
4607 2 2
2642 1 5
8380 3 5
7819 1 1
6531 3 1
8986 3 3
5294 4 2
6129 4 5
6861 3 2
8509 5 4
3770 4 5
9773 4 5
4452 4 3
6462 4 4
7946 3 3
2135 4 5
565 5 5
2588 5 5
7972 1 3
2260 3 3
9592 4 3
2622 4 3
1718 1 3
2107 3 1
5467 1 4
4049 3 5
4305 4 5
4622 3 1
1940 4 2
3886 4 5
2612 3 5
1061 1 2
2143 5 5
7609 3 1
6407 4 3
5662 2 3
3620 5 2
4233 2 3
7072 3 4
5745 5 1
6087 1 4
94 4 2
9909 5 3
6402 3 5
7796 1 1
3431 2 3
2961 5 4
6890 2 1
7928 2 2
2868 4 3
5629 3 3
2714 2 5
7762 3 4
8210 3 2
6743 3 2
1288 5 2
9539 3 2
4761 5 4
9827 3 1
7561 5 3
6366 5 5
4024 1 2
1795 1 1
9875 2 4
9659 3 4
4618 1 3
4234 4 2
4490 3 1
6776 2 3
927 5 5
4729 2 4
3011 5 4
2595 4 2
1121 1 5
2809 5 2
9248 2 4
5312 3 3
496 5 4
964 5 5
4077 2 4
48 1 4
1496 4 4
9180 5 3
5725 1 2
6263 1 5
335 4 2
3280 3 1
4451 1 2
3525 5 5
2396 4 5
6718 5 3
4802 4 1
5388 4 4
6035 4 2
6676 1 1
8276 1 4
1569 3 2
977 2 1
2862 2 1
3292 5 1
7944 5 1
4588 4 3
6180 2 4
753 4 3
8664 1 2
5733 4 5
4281 3 1
8871 2 1
7626 3 4
1453 3 2
5218 3 1
1033 2 4
1012 4 2
7245 2 2
2051 4 3
1860 5 2
5486 4 1
2381 5 2
9403 5 2
4364 1 1
6415 1 2
2651 3 1
1795 5 3
6775 4 1
6090 5 1
2385 1 1
5813 3 5
5756 2 3
8505 2 5
924 3 2
1942 4 2
8302 1 5
4837 2 3
1991 3 3
6742 3 1
1747 2 4
9500 4 3
51 3 1
5341 5 2
170 3 4
96 1 1
6343 2 3
3013 3 5
1132 1 1
7792 5 4
2089 4 4
6844 1 1
8338 2 3
5017 3 3
5209 5 3
5837 5 1
6673 4 3
6578 2 5
8890 3 2
4395 4 5
8546 4 1
4625 1 2
8266 3 2
548 4 5
219 4 2
6052 5 1
135 3 4
5219 5 4
2632 3 2
9815 2 3
3535 1 1
6281 5 3
7100 2 3
8968 3 4
3739 2 1
5970 5 2
3017 2 5
3054 5 3
2330 1 5
3157 1 1
1191 2 2
1007 5 3
360 3 2
7939 2 1
4644 2 1
1258 3 5
9321 3 5
8326 4 4
2011 4 4
3894 5 3
6714 1 5
8431 4 3
9173 5 3
6492 5 3
343 2 3
9867 2 2
9871 5 3
6799 3 5
5749 4 3
541 5 1
8403 3 5
1484 5 2
1058 2 1
9313 2 4
7603 1 1
3438 2 2
6149 1 2
1542 2 4
7730 4 1
7277 2 3
3682 5 5
2074 2 1
2708 3 4
9341 1 3
6470 4 4
7026 3 5
8126 3 3
822 1 5
2544 4 5
8776 3 1
5241 4 2
3527 2 3
3191 4 4
1147 3 4
8837 3 2
2114 5 1
8028 2 1
8010 2 4
8846 2 3
8188 3 3
8026 1 3
3297 3 1
854 3 4
205 4 2
6404 1 1
6049 5 4
5833 4 3
9858 1 1
4205 5 2
9090 1 3
1149 3 5
6020 4 3
5908 5 4
5950 3 5
4236 1 5
7363 5 2
7500 5 5
6632 1 1
7170 4 2
3939 5 1
3272 4 5
7786 2 4
2471 3 5
46 3 5
9377 5 5
6031 2 1
5002 3 1
9740 4 2
9566 5 5
4671 3 3
2062 2 3
1566 5 3
7744 4 3
9207 5 2
1522 5 1
4217 1 2
621 4 2
8931 3 4
3344 5 1
5751 1 5
7250 5 5
2541 1 4
137 4 2
7802 4 1
8554 5 3
8622 4 1
9662 2 1
4852 5 4
3685 5 1
3808 3 4
3596 2 1
2249 2 5
6980 1 2
3959 1 5
3798 3 5
9780 5 4
3108 2 5
5498 1 5
482 2 5
9927 3 1
6325 1 1
6095 3 2
7117 1 4
3529 4 4
8061 2 5
6336 4 4
9849 4 2
9948 1 4
5805 3 1
1388 4 2
6403 4 2
4329 4 4
2341 4 3
1277 5 4
2745 3 5
6165 3 2
8000 5 2
1939 4 5
9348 5 5
636 3 5
1993 5 4
233 1 1
174 3 5
1700 1 4
2165 3 3
1532 2 4
4978 1 3
7005 2 1
2042 2 4
2311 5 2
9406 3 5
1431 5 1
5703 2 2
8564 1 5
8016 5 5
3539 2 4
3726 4 4
4714 2 4
3677 1 5
879 4 1
7175 5 2
902 3 1
8522 5 5
5382 5 3
601 1 5
1995 2 5
7227 3 4
7250 5 5
3130 4 4
1117 3 4
8267 2 3
7237 2 4
3716 1 5
4519 2 2
4443 1 1
1792 1 3
3061 3 3
316 5 4
6700 3 5
3746 5 2
8754 5 4
6432 1 1
2558 2 3
921 2 1
7484 4 5
178 2 2
3387 3 3
5283 2 3
3978 5 5
7168 2 2
6314 1 4
3927 2 1
9309 2 4
8010 2 2
8146 4 1
1573 3 4
3342 3 3
203 4 3
5223 1 1
1509 4 2
1269 2 5
3758 4 1
8625 4 5
1427 5 4
5492 4 5
655 3 1
3332 3 4
8544 5 5
4747 2 1
9834 5 3
3336 2 5
6326 5 1
1294 2 5
2566 4 2
9286 4 1
1109 5 4
3659 2 5
695 3 5
4307 3 5
5440 5 1
2592 1 2
981 4 4
276 2 5
6195 5 1
2996 3 4
5850 3 3
4008 2 2
3307 3 2
4405 1 1
629 5 5
8044 1 5
8845 5 4
5535 5 2
8902 2 1
3503 4 3
60 5 4
4807 5 3
878 1 5
4739 2 3
2047 2 5
2531 2 1
8855 1 2
3299 5 2
6474 4 1
380 3 5
9461 5 5
9942 3 1
2800 4 3
8236 2 3
9952 2 5
3499 5 2
7525 3 3
1221 2 5
7360 2 4
5702 3 1
2469 3 3
404 4 5
3117 3 2
5317 2 1
5604 1 5
1338 2 1
5300 1 1
7787 2 4
3749 4 5
8411 3 1
9920 5 4
4535 4 1
7642 3 5
2451 4 2
4299 5 4
2173 1 2
1889 4 5
4237 1 3
4325 3 5
9408 1 1
9077 2 1
1790 4 3
363 4 1
596 2 1
8093 3 2
4787 1 2
1723 5 4
5083 3 5
4786 5 2
456 2 2
4341 4 4
3720 2 2
47 5 1
8058 1 2
9943 4 4
1502 3 4
2633 1 3
2112 2 3
6717 3 2
1819 3 3
3 2 3
2738 1 2
809 2 3
4545 1 5
1724 5 2
4274 3 5
8015 4 2
8639 5 2
9240 4 4
8738 3 3
4859 5 2
7779 2 1
6228 2 2
3768 1 4
1947 1 5
7596 3 5
5258 2 4
7395 2 2
2323 2 1
4301 1 5
1076 5 1
8396 4 4
8229 5 4
9525 4 2
5135 5 2
7495 1 2
1049 3 3
4279 2 2
1226 1 1
9507 3 3
2553 5 5
3226 1 5
8503 4 4
748 5 5
5888 4 2
8655 5 5
3264 5 5
8484 2 5
1688 3 3
3128 5 5
123 5 1
4491 3 4
2722 5 3
6288 3 5
3416 5 3
3805 2 2
8241 4 2
2812 1 4
8636 1 2
1829 2 1
3295 4 4
3324 4 4
9042 1 4
6583 1 3
9691 5 1
9708 1 2
6198 1 1
8511 1 1
1445 3 5
7307 3 4
5246 2 5
4460 4 4
646 3 4
4800 2 1
3448 1 4
7873 1 5
2664 4 4
5841 5 4
6114 5 2
5579 4 4
297 1 2
6839 1 3
4350 2 3
9508 5 1
2454 2 5
4442 1 3
5150 4 1
4172 3 2
4369 1 4
6908 2 2
5313 3 1
8584 1 5
8918 1 5
6253 4 3
6615 3 2
7036 2 1
6329 4 3
7573 1 1
9306 2 4
9987 2 5
2182 2 2
593 5 1
9504 1 5
5885 1 4
8307 1 4
2274 2 4
9847 2 4
421 2 2
9742 3 1
8597 5 5
7278 1 3
8766 5 5
8791 1 4
3188 3 5
4951 5 5
872 4 5
1962 5 5
7169 4 1
6477 2 1
5982 2 2
7364 4 4
7667 1 4
8676 4 1
4663 3 5
4054 1 1
1604 3 2
4442 1 5
8869 4 5
3225 2 3
1162 2 1
4085 4 3
2505 5 3
9618 1 3
2791 1 5
5550 5 3
8343 5 4
9348 4 2
2002 2 5
4790 3 4
7677 3 1
6456 2 5
5031 3 4
280 4 5
5114 4 3
1456 1 5
464 3 2
2008 5 2
7894 4 4
779 5 5
3208 5 1
5458 3 4
6296 5 4
9145 5 2
1451 3 3
9643 4 4
2261 1 1
703 2 4
9378 2 3
8812 4 1
8613 5 3
2882 1 1
7609 5 2
2108 1 2
7501 3 5
9149 2 1
1486 1 1
7231 3 5
3925 1 4
2183 3 4
4773 5 5
3042 5 3
3743 5 5
1191 3 4
6791 3 4
9168 4 2
3555 2 4
202 1 4
6481 4 4
7186 5 4
6482 5 5
7178 3 2
7523 5 4
5707 5 3
1984 2 4
3282 3 1
5052 2 1
69 3 2
3446 2 1
830 2 5
9461 1 4
9054 3 3
1146 3 2
2615 1 2
9930 1 2
1244 3 5
1941 4 2
540 4 4
4490 4 3
2653 5 3
6727 2 5
1748 1 4
4354 1 2
7864 2 2
2696 2 4
3236 5 2
4877 2 3
630 3 4
4754 3 1
850 1 5
2148 5 2
6653 4 5
5169 5 4
4199 2 3
7648 2 5
9161 2 2
4118 3 1
9373 5 2
8547 3 4
3434 5 5
7915 3 5
9457 4 2
4396 1 1
8979 1 2
6587 1 1
9612 3 2
4200 1 5
842 1 3
7234 4 5
8859 3 3
6206 5 5
6608 5 2
7494 4 1
873 2 3
1293 2 5
6738 2 3
7376 1 4
3260 5 4
8608 3 3
2873 1 1
7643 4 2
7966 5 1
6372 4 3
863 5 2
6486 5 2
8477 3 1
9806 4 3
3668 4 3
3107 1 2
2514 2 4
6298 5 4
7553 4 4
4781 3 1
8924 5 4
7855 4 5
6456 3 5
9960 3 4
3986 3 1
5711 3 2
5292 4 2
8528 4 3
6864 2 1
4639 4 1
3246 2 5
3972 2 1
9951 2 2
7208 5 3
6213 3 1
4372 1 5
9741 5 2
4214 1 4
8190 2 3
5182 3 1
520 1 2
9839 1 1
3654 3 3
4758 2 4
1122 4 1
6106 4 2
5580 4 1
9222 5 5
5790 5 5
1182 2 5
2708 1 5
7001 3 5
6234 4 5
5030 5 3
2405 1 4
2404 4 3
4990 2 1
243 3 4
8262 2 1
2651 3 2
6042 1 3
1049 4 4
2402 5 4
706 4 4
3294 4 2
8207 5 1
5833 5 4
6491 5 5
6459 4 4
4822 2 5
6234 2 1
4605 3 2
3142 1 3
6254 4 5
4490 3 2
515 3 3
8815 3 5
3381 4 2
9460 1 2
7503 1 4
78 1 1
1009 3 4
8038 4 5
7712 4 2
4872 2 3
9789 4 4
8560 4 3
5771 3 2
1186 4 5
4227 4 5
2913 1 1
1217 4 5
6235 4 4
9265 5 4
99 2 3
7803 2 2
9227 1 3
6746 4 5
9784 5 1
146 5 3
796 4 5
6204 4 4
7259 3 2
5335 4 4
9034 5 4
6430 3 4
2208 4 4
1107 1 3
9295 1 2
5236 2 1
9637 5 2
8782 2 5
8821 3 1
9481 2 4
1532 5 1
7156 5 3
9456 4 1
2979 2 1
5075 3 2
7559 3 4
7830 5 2
3606 4 2
6308 3 5
9335 5 1
6042 4 2
5760 1 3
8657 4 1
1076 2 1
9648 1 4
7660 4 4
6113 2 5
3382 4 3
4029 2 5
2429 4 1
6328 2 5
9104 4 2
9383 4 4
5123 2 4
7776 5 4
5609 5 5
3983 4 4
6401 4 1
5467 1 2
3533 4 1
3824 4 2
6751 4 2
6726 3 1
2261 1 1
4747 5 5
4024 2 3
1247 4 5
8545 2 1
7373 3 3
5333 4 1
2554 3 5
7928 4 4
1926 1 2
3084 4 3
8733 3 2
7728 4 5
9800 4 1
8566 4 5
9285 4 5
5888 3 1
8237 2 1
1157 1 3
2773 4 1
9308 1 2
7415 2 5
4173 4 1
7449 3 1
5325 3 1
3044 4 1
5182 4 2
304 5 3
8165 4 4
7482 5 2
2989 5 1
612 3 5
8180 1 2
5697 1 5
6847 3 1
8283 1 5
6311 2 1
4993 4 1
6981 3 5
6174 4 2
3751 3 3
2183 3 3
502 2 5
4367 1 2
5712 2 1
9428 2 2
3388 2 1
6923 1 1
7503 2 1
705 5 4
6795 2 1
274 4 1
4760 1 2
8651 4 3
4238 5 3
935 5 1
1962 3 3
5184 5 5
9613 5 1
9718 2 1
7225 4 3
6208 2 1
3094 4 1
7494 1 4
6659 2 1
2580 5 4
624 4 4
1070 5 1
8370 1 1
7044 5 4
8311 1 3
7898 5 5
1413 4 3
8007 1 5
835 3 3
8498 2 3
3428 5 4
3898 2 2
7446 3 1
663 4 2
2507 2 2
1807 2 5
8075 4 1
6108 4 3
3615 3 3
5325 1 1
2452 3 4
9970 2 1
9833 4 5
8877 3 5
4285 5 3
2150 1 1
2063 1 4
2371 3 4
4329 5 2
3066 5 5
3153 3 1
8189 2 3
7412 4 5
950 4 5
9299 5 1
6278 5 3
7904 4 2
350 2 3
2844 4 5
4307 5 3
2831 5 2
1599 3 2
6253 2 2
4475 4 3
8062 3 5
9584 1 3
9431 1 4
4091 1 3
5048 5 4
1955 4 4
4263 5 5
3442 4 2
8985 3 1
3151 3 5
3742 4 5
9291 3 2
1156 5 2
7491 1 5
1533 3 5
3740 2 5
5030 2 5
9494 3 1
6751 1 2
5239 5 5
4176 2 2
1183 5 4
1446 5 4
5678 4 1
5357 2 1
2444 5 4
5073 4 1
5058 4 1
530 2 5
3603 4 5
5884 2 4
8555 2 1
4563 1 1
6209 4 4
7865 5 4
3113 3 1
6142 5 1
9617 1 1
8320 1 3
1471 5 5
3379 4 1
290 3 1
1306 1 5
7072 2 5
4859 3 3
2336 1 1
394 3 2
3413 1 2
7129 1 2
4602 4 1
647 1 1
7406 3 3
1242 3 4
4318 5 4
7893 2 5
5120 1 1
294 2 2
743 1 3
6890 4 1
1961 3 2
4766 3 3
7290 5 2
3243 1 2
8876 5 4
3217 4 5
1835 4 3
8947 4 4
7332 3 2
1329 3 1
8391 3 1
9593 4 2
5300 5 3
2242 2 3
9077 4 3
2592 1 4
4723 4 3
6862 2 2
6692 1 2
186 5 1
4694 3 4
118 5 3
1360 4 3
8466 4 5
9035 5 2
4649 3 3
4371 2 4
30 5 2
989 4 1
6546 1 3
5486 4 5
4986 2 3
6428 4 4
3560 5 3
5438 1 2
4177 2 1
2556 1 4
5376 2 2
2835 2 5
8324 2 2
9934 1 5
2878 4 2
458 1 3
7601 5 4
7859 1 3
8461 3 1
8848 2 1
6277 3 3
7885 5 1
8580 2 2
7391 3 1
3902 1 4
3800 4 4
9766 4 1
4310 3 2
6297 4 5
153 2 1
9246 2 5
7367 5 3
767 3 1
2430 2 3
6125 2 3
3368 1 2
7045 1 1
3178 4 5
1831 4 4
1546 2 3
635 5 3
9787 3 4
9357 5 2
6593 2 1
1298 1 4
9954 4 5
4704 3 3
5377 5 1
952 4 3
1365 2 3
2948 2 4
2093 5 1
2685 2 2
3829 3 3
2776 1 1
9681 3 5
6916 4 4
4031 5 5
4316 5 1
101 1 1
8581 3 1
7722 3 1
2627 1 5
245 4 1
4336 2 5
9307 4 2
2165 5 1
2131 2 1
8411 5 4
6930 1 3
7977 4 2
880 1 1
2655 4 5
1606 5 2
4867 2 3
8857 1 5
5806 4 3
1536 2 2
1687 4 4
5561 3 1
9734 1 4
5818 2 5
2681 5 1
7973 4 5
2588 1 5
3801 2 2
2745 4 1
9988 1 1
2981 2 2
3531 5 4
2210 2 3
3264 3 5
6352 5 1
660 5 1
9636 1 5
9339 2 3
4445 5 4
5382 4 4
1351 2 4
5916 3 4
2042 1 2
2845 1 5
5534 1 3
3439 3 2
593 5 1
8847 2 4
7675 5 2
3978 3 5
231 4 3
3153 2 5
8237 4 4
3581 5 1
7344 3 4
6443 3 1
2400 1 2
7191 5 2
1552 1 3
920 2 2
7651 5 1
1546 3 2
1684 3 1
1793 4 3
3918 5 5
1353 5 3
8726 4 2
8115 2 1
1584 3 2
3654 2 5
2823 2 5
9683 2 1
1448 5 5
3734 5 4
7476 5 3
1632 5 2
6936 5 2
2271 4 1
3992 2 5
5621 3 3
8813 4 5
7588 1 3
4780 1 4
4613 3 3
9187 3 2
659 2 2
5264 2 2
5735 4 4
4719 1 3
1836 4 4
6206 4 5
2623 3 4
7084 2 1
615 3 3
7595 5 1
8788 3 1
3830 1 4
4030 4 3
1300 4 1
8959 2 2
7435 1 1
4385 4 4
9461 3 3
6618 3 1
2163 4 1
4178 1 2
5375 5 1
3777 2 5
2720 4 1
5392 4 1
5707 4 5
2801 2 5
9305 2 4
2847 1 5
8762 2 4
6715 2 5
5928 2 1
7604 3 3
7970 3 1
983 2 1
3269 4 3
7564 2 3
4593 5 1
1522 5 2
9684 4 2
7895 4 5
2296 1 1
1971 2 4
1411 3 5
1841 2 4
5192 5 2
2017 5 2
5281 4 2
1386 3 2
7251 4 1
230 4 2
2700 4 4
7344 5 4
6214 1 5
6301 4 2
2437 3 4
6937 3 5
7990 1 2
5999 4 4
5387 2 4
1363 4 3
1656 4 3
5345 3 3
2744 1 5
7274 4 3
5721 3 2
3243 5 4
1210 1 3
5642 4 1
1988 2 5
7849 5 3
9203 3 1
4106 1 3
8391 5 3
5359 5 3
7894 3 2
1523 1 1
9372 4 4
7805 2 1
4505 4 3
8671 5 2
6819 3 4
4613 3 2
4630 3 4
2860 2 5
8289 3 3
216 4 4
4771 1 4
6697 5 1
6618 2 1
2492 3 5
9701 4 4
8061 3 4
8754 3 5
6715 5 3
3169 5 1
1819 4 2
7607 3 5
2138 1 2
5495 2 3
2195 4 1
3093 3 2
8425 1 4
9752 2 1
654 5 2
229 4 5
692 5 1
3633 4 3
6109 2 5
7768 5 5
8930 3 5
6672 5 3
433 1 1
8117 5 2
337 2 2
1730 3 3
7068 3 5
3142 4 1
1899 1 4
6609 4 4
4267 2 4
8238 4 1
1375 4 5
777 5 3
6056 4 1
1694 4 3
1079 1 2
8240 5 2
7457 4 1
1224 2 3
513 4 5
6314 1 1
4150 2 3
3719 3 1
5194 3 4
4333 2 2
5633 4 4
9295 5 2
5000 1 2
8062 4 2
3358 2 5
6338 4 4
8223 1 4
2345 4 3
9262 2 3
9985 4 3
3627 2 1
3076 1 1
9404 2 1
2194 5 4
4583 2 5
5142 4 5
3051 4 1
5880 1 2
3918 1 3
8888 2 4
2862 5 2
8165 3 3
206 1 1
316 2 4
8066 1 2
5626 4 1
1442 1 2
7078 2 3
5960 3 3
3749 2 5
3707 1 5
5103 3 5
733 2 3
24 1 4
7661 2 3
4257 3 2
5784 4 1
8454 2 4
5207 2 3
9672 3 2
5425 4 1
5487 5 1
5804 1 2
8721 5 3
7681 5 3
8424 4 2
8077 2 5
1493 1 3
3738 5 2
273 3 5
7026 2 2
4437 3 4
4995 4 3
8945 3 3
8476 3 1
3846 3 4
4775 5 5
3327 3 3
8036 5 5
4717 2 4
3427 2 3
6312 3 5
8862 1 2
896 2 4
9096 2 4
10000 1 4
934 5 1
1706 2 4
1420 4 2
8582 4 4
5557 3 3
4250 1 3
6633 1 1
9415 5 3
4769 4 5
4205 4 4
2143 4 3
5494 2 3
3362 5 2
2760 3 1
8125 4 3
5295 2 4
1503 4 1
9632 3 5
8980 4 4
8242 4 2
6771 5 5
8738 4 5
9066 2 2
6044 2 1
372 2 4
6768 4 3
1646 5 1
2667 5 3
9214 1 5
3752 2 3
5779 5 1
5931 1 1
9863 5 2
6093 2 2
1904 2 3
1007 3 3
321 5 1
4391 2 4
406 5 1
4816 5 2
7327 1 5
5408 5 4
6285 2 3
5033 3 4
9940 1 4
2497 2 2
7764 5 3
8957 1 1
1596 3 3
2963 1 1
5072 2 5
1158 1 1
2619 2 2
7042 1 5
9259 4 3
5451 2 3
2722 3 2
4414 5 5
6958 4 2
8010 3 2
7130 2 4
6743 1 1
6507 4 3
9401 3 1
9298 4 5
8891 2 3
6816 5 5
9141 1 2
4327 3 4
4365 5 1
6277 5 2
1522 3 5
9906 4 3
3956 1 3
3782 3 5
2448 5 5
6881 3 4
784 2 2
2571 5 2
3264 3 3
2472 3 1
9052 3 1
9000 2 5
6035 4 4
4536 5 2
9769 2 2
9124 2 2
6719 3 2
1692 5 1
579 1 1
9527 4 3
484 2 3
9400 1 1
6199 2 2
3265 3 2
7583 5 3
8409 1 3
8203 4 5
3857 2 1
2113 4 3
8747 1 4
2333 1 3
903 5 3
7861 1 4
8878 1 5
3128 3 4
3711 1 1
3455 2 5
7863 5 1
6895 3 5
7348 3 3
5072 3 4
6617 2 3
9386 4 2
7727 2 3
1571 2 4
3114 2 2
79 4 1
1787 5 1
6027 3 2
6815 3 2
6253 2 1
4456 1 2
6427 4 4
3075 3 2
2299 3 3
6687 3 1
1425 4 3
809 2 3
1957 3 1
8140 5 4
7938 4 3
4166 5 3
17 1 1
6542 4 4
3101 4 3
4058 4 2
6688 2 1
7261 3 2
5458 3 3
3112 3 2
7833 1 3
2407 1 2
5346 1 4
5848 1 4
9132 2 1
7080 3 2
3900 5 1
2393 1 4
6448 3 2
4577 1 3
379 1 1
6881 3 5
2674 4 3
9833 1 2
5998 1 5
1215 3 1
9824 2 5
572 3 2
5830 1 5
9190 5 1
5477 2 4
5640 4 5
6639 4 2
3951 4 5
380 1 1
4773 2 4
9007 2 3
2176 5 2
2563 3 3
8938 3 3
7020 2 1
5680 2 1
8442 2 3
8789 2 2
7202 3 3
999 2 1
5402 1 3
400 4 3
2293 5 5
3934 1 4
6345 2 4
6132 1 2
5142 3 4
2909 5 2
6079 5 3
148 1 5
3319 2 3
6147 1 4
6693 5 4
574 4 5
7222 5 2
4892 3 2
8803 1 4
8887 4 3
5003 3 2
8123 2 4
7010 2 2
7489 2 3
2605 3 5
6657 3 4
5962 3 1
9087 1 1
9405 1 4
3144 4 1
9854 1 3
7285 3 4
7930 4 5
1179 5 2
7924 3 2
795 3 3
2024 4 5
8268 2 1
5705 4 5
33 2 5
6860 3 4
8232 2 4
74 5 5
213 3 3
2242 5 3
3977 5 5
5904 2 2
6348 2 2
8907 2 5
5250 2 4
9354 5 4
8995 4 5
4513 5 2
1273 3 2
3844 4 4
5316 1 5
973 1 4
7718 3 2
4503 2 5
6629 4 1
1934 4 3
2838 3 2
7769 5 5
4017 1 3
9620 1 4
7542 1 2
5526 1 4
5842 5 3
9648 5 2
5760 4 3
7724 1 2
2073 2 1
305 2 2
8009 1 2
6935 4 4
4520 1 2
508 1 4
426 2 4
6365 2 3
6075 4 1
5736 5 1
2400 1 5
2875 1 1
7669 5 5
6858 4 4
8517 5 1
666 3 2
7005 5 1
3451 5 2
3272 5 4
8773 4 1
8597 1 3
8934 4 4
7630 1 3
6029 5 3
8649 5 2
9136 1 1
2337 3 5
8549 2 1
5327 2 1
5409 3 2
4586 2 4
6610 4 2
9778 1 3
6312 5 3
7758 1 5
8032 1 3
7138 4 2
6076 2 1
560 5 4
9400 2 4
965 5 5
7224 5 1
1555 1 1
9759 4 1
4547 5 1
8423 4 4
1784 2 1
6152 4 3
6637 3 2
4568 1 1
5736 2 5
8658 4 3
630 4 3
3845 1 1
1819 2 3
3113 1 2
3501 4 4
4538 5 2
5979 1 1
6487 3 3
4522 5 2
9722 2 4
5552 3 2
9492 1 4
2453 5 1
9547 1 1
1818 2 5
8152 3 3
1636 5 5
8518 1 3
7989 5 3
7562 4 2
4025 2 5
9903 2 4
386 1 4
2491 3 4
187 2 4
1296 2 5
1919 3 1
3495 1 1
7249 2 5
9454 4 2
1967 2 5
7450 1 1
3159 1 4
3555 1 3
9828 5 2
4579 2 1
3279 4 2
9247 1 1
5722 3 2
738 3 3
2183 2 5
2300 1 1
1818 3 3
5790 4 5
9073 1 3
2905 1 1
8258 3 2
5990 1 4
9534 1 5
794 4 4
3197 3 2
3392 1 2
3970 4 3
6816 5 4
7567 4 1
7837 4 4
4711 2 5
17 2 5
8253 3 3
3311 2 5
7274 3 1
5043 5 2
6159 4 1
5307 3 5
7748 3 3
3961 3 3
5982 4 5
2028 4 2
7787 3 5
8582 2 2
1718 5 1
1624 5 1
7527 5 4
901 4 3
9299 1 3
2551 5 1
6076 1 4
9760 4 2
7302 4 5
2549 2 1
1776 3 1
9602 4 3
3403 1 5
7219 5 2
5364 3 2
3709 5 5
6362 4 2
2638 4 5
8716 1 1
8077 2 2
403 1 4
3089 1 4
3623 2 1
2335 4 1
3919 3 3
9863 5 5
7637 3 1
8279 2 2
5298 5 4
4705 3 2
1719 1 2
5906 5 3
7282 1 5
8877 1 3
8521 4 5
1182 3 5
5810 2 5
7019 3 5
8301 2 1
1585 1 3
4681 4 5
5372 1 5
5621 3 1
9749 5 1
8556 1 4
7446 4 5
9495 5 4
184 4 4
311 5 5
1678 2 3
8814 5 2
5935 4 4
1729 3 2
2569 5 3
5479 3 5
9484 5 1
1449 5 3
8073 5 4
4675 1 1
5113 1 5
257 5 2
7835 5 5
3008 1 1
1223 1 4
2309 3 3
2136 3 5
4922 3 5
2183 5 5
7021 2 1
5741 4 1
9450 3 2
6591 1 5
864 4 1
1848 3 3
6715 3 1
6610 5 1
454 3 3
8203 5 5
5694 4 5
2069 3 2
7773 4 3
2513 3 1
9081 2 2
8930 2 3
7082 1 5
2363 2 2
7928 2 2
8559 2 2
7344 1 1
8741 4 4
3897 1 5
3490 2 2
136 1 1
6054 3 5
1298 2 3
7845 3 5
8827 5 3
631 3 1
8054 4 5
5185 1 1
4880 2 3
6419 5 5
4647 2 2
4433 3 3
6552 3 2
5127 1 3
7698 5 2
6119 3 2
6862 1 4
7735 3 5
4271 5 4
2253 2 2
3461 4 3
138 1 4
6532 3 1
8847 2 1
6836 1 4
2735 1 1
812 4 1
8716 1 4
6792 1 2
209 5 2
1549 1 4
538 5 2
1475 4 1
2206 1 1
8530 1 5
4629 1 4
9927 3 1
6845 1 5
3079 1 3
3129 4 4
4185 4 2
6963 4 2
1745 4 5
9849 1 3
8798 4 2
3804 3 4
169 2 5
129 5 3
1721 3 5
2286 3 4
7419 4 4
3108 1 4
1751 1 1
3537 1 5
5044 4 2
7547 2 2
2713 2 1
4730 1 1
8180 3 5
8732 5 3
495 4 2
2609 2 2
3246 3 2
26 1 2
3454 3 3
356 1 1
60 5 3
9945 1 5
6290 4 1
3963 2 5
2302 5 4
8866 3 3
6992 5 2
9273 3 2
2946 1 5
2468 4 5
410 3 5
6296 2 3
1487 2 4
7973 1 3
8379 5 3
6875 3 4
9122 1 1
162 1 3
4775 1 3
7449 5 1
331 2 5
9432 2 4
1723 5 3
6259 2 1
5951 3 1
8764 4 1
4921 1 5
346 1 1
7201 4 5
4747 4 3
8730 3 1
9296 5 2
6992 2 4
3825 5 1
6672 4 5
8197 1 2
1661 3 4
5597 4 5
1624 3 3
9451 5 5
886 2 3
4796 4 5
5624 4 4
7028 4 5
7947 3 2
1818 4 2
6692 1 3
3123 3 4
2 3 1
2083 4 4
5127 1 1
6089 5 1
532 3 4
5725 3 2
3537 5 1
567 2 2
9237 2 2
607 1 4
2776 4 5
9040 1 4
9925 3 4
5273 1 3
1109 4 4
2751 1 1
2400 3 3
7148 4 1
1113 3 1
9918 2 4
8274 1 4
7479 2 1
9797 3 2
1743 3 1
3202 5 2
1533 4 3
833 1 4
9656 3 5
6916 1 1
6247 1 3
4267 5 5
873 4 5
2248 4 1
1968 3 2
5020 1 4
7320 4 4
8276 5 5
6643 5 1
3460 2 5
9571 3 3
7004 5 4
2429 4 2
2551 4 2
5798 5 5
6239 4 3
9189 2 2
4294 3 5
6578 4 5
6928 2 5
4252 4 4
5017 1 1
4224 3 1
6968 3 5
4884 2 3
8490 4 3
1997 1 2
4012 2 3
3318 1 3
2002 1 1
550 1 1
6603 4 2
6525 2 3
1783 3 5
8911 1 5
8350 5 4
1882 2 5
6348 4 3
8718 4 4
3171 1 1
4362 3 5
3491 4 2
8332 2 2
9961 1 1
1498 1 3
8231 2 1
8396 4 5
6835 3 3
5759 1 5
8681 1 4
9839 2 3
8509 2 5
7491 2 1
1547 1 3
323 3 4
9392 4 5
6034 1 2
7429 3 1
3473 5 4
3639 4 1
7887 4 4
8642 2 1
4948 2 4
6967 1 3
3242 3 5
1583 5 5
2764 1 5
1199 3 4
9839 1 3
6393 4 5
7874 2 1
3038 3 4
1175 3 1
1783 2 1
7254 1 2
8299 1 2
6647 2 1
5152 3 5
7803 1 2
3772 4 2
5650 5 2
7488 3 4
5977 1 2
1028 5 1
6982 1 4
5661 1 2
5773 2 5
7487 1 4
7362 1 2
5483 1 2
375 3 1
9429 2 4
4012 1 4
7317 4 4
7535 3 5
5246 5 2
1529 4 4
8202 1 5
3229 5 2
3722 3 3
399 3 2
9654 1 4
7870 2 5
8085 4 4
1623 1 3
2129 2 5
7329 2 5
4240 1 5
9912 4 2
39 3 5
8497 3 2
5490 4 5
5735 2 5
4530 4 4
2082 3 1
4489 3 4
2685 1 1
2541 4 1
1400 1 4
439 1 5
422 2 1
8551 1 4
6279 4 4
421 3 4
8700 3 1
697 2 5
1520 2 5
7912 3 4
2964 3 5
6876 2 5
4525 1 5
4512 2 4
5908 4 2
7731 2 3
6940 2 4
4021 1 3
5976 3 5
1752 2 3
1124 5 3
2840 2 4
6768 3 2
8825 1 3
1863 1 5
6978 2 1
1311 4 5
2292 1 4
2593 1 1
7034 4 2
2246 2 5
5846 5 1
4764 1 2
5613 1 4
83 3 2
5292 1 4
4878 2 4
1257 2 1
2912 1 3
6645 3 5
6858 2 1
7577 5 4
4225 4 1
5260 4 5
9225 5 3
7371 5 3
2827 3 5
3082 5 5
2372 2 4
4430 5 1
4873 3 4
5121 4 2
3145 2 2
5628 2 1
7071 2 1
1516 5 1
9621 4 1
3483 4 4
8734 1 4
1044 3 3
5272 2 4
9814 3 1
7510 3 5
1307 3 2
2845 5 4
5134 5 1
2966 3 2
4037 2 5
1065 3 5
8613 5 1
5150 2 4
749 4 1
6944 4 5
4604 4 5
3846 3 4
3604 2 2
323 1 4
9515 3 2
9058 5 4
6722 3 1
2598 2 5
8190 5 4
2019 2 5
60 2 2
9280 2 4
9862 4 4
6008 3 1
8443 2 3
8637 3 3
2236 4 3
5282 4 3
2463 1 4
8442 2 3
8733 5 5
6049 5 4
2759 1 2
4474 5 4
9 1 4
4142 5 4
3794 1 3
5325 2 4
802 2 3
1873 3 3
6073 1 3
186 2 2
1070 1 1
2762 1 2
1391 4 1
9328 5 3
2701 1 3
6457 2 5
9854 4 3
4770 5 1
8387 4 3
4930 2 1
1560 1 4
3467 2 1
4149 3 2
4296 3 1
6513 4 2
5338 4 3
6054 2 5
4855 3 1
9911 5 3
5402 4 3
5059 2 2
9785 4 3
3290 5 5
5187 2 4
5882 4 3
2250 5 5
6868 2 4
4965 4 5
6708 3 1
3667 2 2
146 1 1
4869 2 5
4688 1 3
9785 2 5
6598 5 5
1227 4 5
8771 4 2
3525 3 2
3544 5 4
550 1 4
7711 1 4
4090 4 5
2811 5 5
6228 5 1
6719 4 5
1409 2 3
274 2 5
97 4 2
6204 5 5
6439 2 3
3041 3 4
2714 1 3
8695 3 1
8586 3 3
9776 3 4
3761 5 1
5670 4 1
5965 3 1
4428 5 2
2024 1 3
1210 3 4
2110 1 2
6259 3 4
7179 3 5
3960 5 5
812 2 3
3129 5 3
8690 3 1
8996 3 4
5236 3 3
9762 5 4
2165 4 2
8638 5 2
722 4 5
214 3 5
7235 3 4
5422 1 5
4392 3 3
8796 3 3
2613 4 5
8129 5 3
6078 1 4
6716 5 3
5335 3 2
2778 3 3
1902 3 5
8431 3 5
3130 4 5
4124 2 4
6076 1 2
155 5 3
1534 1 1
3511 4 5
5820 5 5
8633 5 5
985 2 5
612 3 5
1763 5 5
3366 1 4
975 4 2
8257 1 3
1479 2 5
3060 1 2
6032 2 5
1711 3 1
9818 2 3
9816 1 2
3678 1 1
8272 3 4
6129 1 2
673 5 1
48 2 5
4419 4 3
3929 4 3
5685 3 5
6884 1 4
359 2 3
2857 2 4
1976 5 1
5482 1 3
7911 2 2
2652 2 3
4111 5 4
3573 1 2
707 3 2
6711 3 1
4266 4 4
4013 2 3
9256 2 4
2956 2 1
544 3 4
4692 4 5
7491 5 4
913 4 4
6056 1 3
2416 4 3
2562 3 5
3507 2 4
233 5 2
3054 4 4
9974 3 5
6013 4 2
1138 3 4
914 5 3
6990 5 3
7960 3 4
3617 4 5
83 4 2
2472 5 2
9762 1 3
5595 1 1
4657 1 1
5333 2 3
9988 1 2
7984 3 3
2202 1 4
7391 2 3
842 3 2
2747 3 4
59 4 2
1086 5 4
4895 3 5
6484 1 4
8716 3 3
9636 3 3
6151 1 2
690 2 5
8193 5 5
1269 4 4
9860 3 5
1009 2 3
7885 4 2
3852 1 3
510 1 5
7499 5 2
196 1 4
1766 1 1
7745 5 4
1173 5 5
8925 2 2
2278 5 1
1987 3 3
5233 1 3
9395 2 5
6848 5 4
8683 1 2
5496 5 3
1273 3 1
2794 1 5
5085 1 1
5033 4 3
9818 2 5
1153 2 1
9086 4 2
2677 1 1
223 2 3
7500 3 2
1514 1 3
4506 5 4
9283 4 3
356 4 1
6162 5 5
6272 5 2
6157 2 5
6307 5 4
3299 5 3
3648 5 4
3232 3 5
8534 1 4
384 3 1
1600 3 1
9687 1 1
1716 4 5
2152 1 2
5828 2 5
6269 3 1
2480 1 5
7865 2 1
6261 5 5
7901 3 4
1238 2 1
5242 3 4
7318 3 1
4891 4 4
3311 4 1
7310 2 4
1954 5 2
8082 1 3
5365 4 3
2233 1 3
5168 4 5
2077 1 5
2279 3 3
9430 3 2
1615 5 4
8906 1 5
1158 5 3
961 4 2
6352 5 5
4567 2 1
3340 1 1
7051 2 1
2789 5 4
3239 4 4
8591 2 5
4402 3 3
7083 4 1
139 3 3
1640 4 4
4363 1 1
5376 3 2
7837 2 2
6756 1 4
777 4 1
5967 3 3
2819 4 5
6250 4 2
3426 2 3
1866 3 5
6225 3 2
5016 3 3
4141 1 1
7022 4 4
1438 1 2
6353 4 1
1403 3 5
8120 4 3
1710 2 5
7248 1 5
1652 4 4
3695 3 5
5905 2 3
685 1 5
8857 5 1
7248 1 4
821 1 1
6261 3 4
7053 4 1
8104 2 2
2645 3 3
2003 5 5
8871 3 4
9914 4 1
8761 3 4
8319 4 5
4601 2 4
3055 4 4
6196 4 2
2412 3 3
5876 5 1
4524 2 4
905 5 3
7087 3 1
8179 3 4
2682 3 5
2886 1 2
1523 5 5
8234 3 3
4320 4 2
1661 2 1
9079 3 3
4065 2 1
8562 3 2
1483 2 3
4362 2 3
724 5 2
3026 2 4
3251 1 1
7657 4 1
7951 3 5
2757 5 5
468 5 1
3645 2 5
5914 5 1
922 3 5
485 4 3
6044 5 5
3011 3 5
973 3 3
2582 1 2
8168 3 3
9889 3 4
8318 3 4
4647 2 1
8600 3 4
1548 2 5
3479 2 4
7512 5 5
5460 5 5
1827 1 2
1286 2 3
1477 3 4
226 2 4
6611 3 2
1805 5 4
7043 1 4
285 1 5
2966 5 5
7267 3 5
3937 2 3
5922 2 2
7231 2 4
1502 5 2
6844 3 3
2189 2 2
3553 3 4
8718 4 2
3790 4 5
5039 1 3
2361 2 5
916 1 2
7970 4 5
4306 3 2
5794 1 4
5846 4 1
3903 4 4
3257 3 1
6895 4 3
3987 1 2
4704 5 2
9661 3 4
2028 1 2
5899 5 1
9839 1 3
922 5 1
8674 3 2
2546 2 3
526 3 2
6267 2 2
9682 1 2
3849 4 1
4730 4 4
5033 5 3
4868 4 1
5567 2 1
9082 1 2
5027 2 4
1828 3 3
2922 5 5
482 4 5
3248 4 2
7464 3 2
359 2 2
926 1 3
7849 2 1
8577 4 3
5046 4 4
8219 3 5
493 2 5
5687 5 3
9996 4 3
3885 2 2
7793 3 3
6811 5 5
7903 5 1
1299 5 2
4295 1 4
6531 3 3
5136 1 2
8219 3 4
8369 1 2
7606 5 4
8163 4 1
3990 4 3
7058 4 3
2420 1 1
3033 5 4
5444 2 3
9328 2 3
9819 5 3
2719 2 2
5442 1 2
326 3 5
5774 2 5
5981 2 1
779 5 3
2713 2 1
6143 1 4
8497 1 4
5464 2 2
1150 5 3
1040 3 2
1987 4 3
6358 2 4
1934 4 5
6489 5 2
9208 1 3
2077 1 1
8941 2 3
3502 3 5
4614 5 1
8046 2 1
1266 1 2
9199 4 4
504 4 4
6819 5 5
8960 4 4
1718 3 1
4278 3 4
3509 3 3
5072 5 2
6470 3 4
2940 2 4
4342 2 4
2409 4 4
6401 1 1
3056 1 3
4311 1 5
4771 5 5
5456 4 4
4467 3 2
1670 2 4
3889 3 4
6053 2 3
2390 3 2
4822 2 2
1589 5 1
3876 2 3
3008 2 1
8614 3 5
9356 2 2
8251 2 1
3340 4 5
7712 1 4
9934 5 5
4847 1 4
2345 2 2
6885 5 1
1603 2 5
3243 3 4
8356 1 4
4219 2 2
8939 1 2
6495 4 5
2257 2 2
4830 3 4
344 1 1
4111 1 5
9603 4 5
9219 2 1
1111 4 3
5551 1 2
1630 3 5
3813 1 4
123 1 5
3737 4 3
713 2 1
9875 1 2
833 4 4
2774 1 4
1931 3 3
1847 3 5
8828 2 4
4947 2 4
3372 3 4
5934 5 1
9676 4 1
3294 4 3
6785 5 3
8968 2 4
6973 5 2
921 3 5
5734 1 4
9332 1 5
6921 5 1
6615 2 2
186 3 3
8491 4 4
499 1 2
8394 4 1
6288 3 3
8657 5 5
4689 2 4
3526 3 1
12 5 1
7396 3 1
787 2 2
6057 5 1
4000 2 4
8795 1 1
1736 2 5
9282 4 2
5337 4 5
2870 4 3
2328 1 3
110 3 1
334 4 5
7526 4 1
8297 4 1
2754 4 1
9376 3 1
362 4 1
1339 2 3
1703 2 5
2351 2 4
2246 4 5
5576 2 5
1818 4 4
9527 5 2
4984 4 5
3231 3 2
785 5 1
3070 5 1
5630 4 1
8727 5 1
1433 1 1
6347 3 1
7844 4 1
1752 2 2
269 1 2
4790 4 3
969 2 2
479 3 1
6635 4 2
5575 1 4
2624 1 4
2248 2 2
3643 5 1
1031 4 1
6867 1 1
7571 2 1
7665 5 4
5489 5 3
3279 5 2
166 4 1
9094 1 1
7037 2 1
1180 1 5
1022 5 4
8581 1 5
4611 4 1
4483 4 4
457 1 2
2753 2 2
5874 4 1
6407 2 1
3584 5 2
778 4 3
5212 2 5
6806 1 1
4979 4 4
5611 2 1
2608 2 3
109 2 4
2598 3 4
2216 1 2
7378 4 4
3214 5 5
2059 1 4
8641 1 2
4430 2 3
3205 4 5
9745 1 4
6521 3 2
3729 2 5
235 1 5
2517 3 3
9140 3 3
2789 5 3
444 2 3
7930 5 1
245 5 2
800 1 1
7071 4 1
9387 4 4
1283 1 3
9696 4 5
6495 2 4
2267 3 3
3623 4 3
6565 3 3
382 4 1
7300 1 4
5339 1 5
2085 5 3
5380 5 1
6683 1 3
9984 5 1
9282 2 2
5374 4 5
9077 4 3
7272 1 4
7784 1 5
3522 1 2
6146 1 4
9952 3 1
8846 4 1
3489 1 4
1205 4 3
7696 5 4
5103 1 1
6501 3 4
9172 1 5
6845 1 3
2540 2 1
2177 4 1
4118 2 2
2039 1 2
2148 2 4
540 5 1
6996 2 1
7685 4 1
2044 4 2
6426 2 2
7723 2 3
2373 4 5
2027 2 5
247 1 3
3966 1 5
1330 5 3
5787 2 2
3450 3 2
1388 5 2
5794 2 4
7995 1 1
2187 4 2
7642 3 3
6885 3 4
6937 1 3
5070 4 3
5121 4 4
1008 2 2
1556 5 4
2028 3 2
9226 3 3
716 2 5
6924 2 4
5408 3 3
562 4 3
9034 3 4
3662 3 3
4476 3 2
8256 4 3
9077 4 4
3303 3 2
9873 3 2
4342 1 4
7453 1 2
2118 4 5
7919 4 3
2854 3 4
3255 5 1
812 5 5
2181 5 3
8167 1 2
4263 1 5
9641 1 3
441 3 5
4326 5 3
8230 5 5
542 2 2
365 5 1
7839 1 3
6730 3 2
9951 4 1
6908 5 4
7754 4 2
579 4 3
6883 5 5
3837 1 4
7946 5 4
7819 5 4
3777 5 2
6013 1 5
4639 3 2
1674 4 1
7001 2 4
7952 1 1
4749 4 5
8141 1 1
8558 3 5
8476 1 3
9513 1 1
8631 2 3
515 3 5
8162 5 1
7905 3 3
5887 5 5
5049 5 5
3594 1 2
4570 1 1
8176 3 5
4142 1 3
1594 3 5
6947 5 1
892 5 4
1853 1 4
8367 5 3
7902 2 3
5046 5 5
2665 2 1
121 5 1
3076 4 2
1884 5 4
3518 4 4
3351 5 1
1536 3 1
5515 1 3
9184 4 4
507 1 1
4823 1 5
7095 3 4
4887 5 3
2009 2 1
4510 4 2
6816 3 2
4245 5 2
2223 5 1
2245 3 2
2549 2 4
7043 2 5
1376 1 4
3714 5 5
4012 3 5
8485 1 2
6634 2 5
9545 5 1
4620 3 4
9502 4 5
8907 4 3
470 1 4
3054 5 5
4619 1 4
3022 2 3
1780 2 5
6113 3 5
9084 3 2
9815 5 1
6294 5 3
139 3 5
9458 1 4
6220 2 5
2894 1 4
3280 1 1
3437 1 5
5442 3 3
2476 4 4
5841 2 2
5620 2 2
1108 4 5
397 4 2
5280 2 5
9739 2 2
7154 3 3
4956 3 4
8480 4 2
7304 1 2
8896 3 2
8292 4 4
9653 5 3
2796 4 3
3269 1 3
304 4 4
490 3 1
2734 1 4
1408 4 2
6156 3 2
1466 2 2
8055 5 5
6700 2 5
1970 4 3
4985 5 2
2729 4 2
7271 2 4
4128 5 4
1461 1 2
1306 4 1
9835 5 4
6841 4 4
9164 4 2
8174 2 5
8936 4 3
7879 5 2
4061 4 2
9891 1 1
7035 3 2
2904 5 4
8071 1 1
254 4 3
3116 1 2
2749 2 3
6180 5 4
1402 2 3
6550 4 1
9119 4 4
3380 4 5
9362 4 1
621 2 1
9322 2 3
3987 1 5
2912 1 2
9568 2 1
3842 1 3
638 1 1
5451 1 2
9402 3 4
9104 4 5
3971 4 3
5437 5 3
2347 2 2
2203 3 4
1499 5 5
5235 5 1
3581 5 4
5315 4 2
3229 5 2
8659 4 5
4913 5 5
2076 1 4
4020 3 3
6915 5 1
5846 3 4
6008 4 2
6619 2 4
7317 2 4
8739 4 5
3297 2 3
6306 2 3
5295 5 4
1425 3 5
9282 1 5
9444 4 2
5879 5 2
5279 5 2
7729 3 5
8684 2 4
9805 2 3
3922 1 4
8295 2 5
7613 4 5
333 1 1
8781 2 3
7423 5 3
7000 3 2
2113 3 5
6390 4 5
8421 4 3
1872 4 4
585 1 3
7509 4 5
1490 2 3
8012 5 1
5691 4 5
3238 3 1
4802 1 2
1744 2 1
6384 2 3
9034 2 4
8329 1 1
4792 5 3
3064 5 1
2496 5 1
704 2 1
8984 3 5
5204 5 5
8535 4 3
2992 3 1
8907 3 4
4374 3 4
5556 1 3
9865 5 2
3807 2 1
6724 2 4
7370 5 3
6329 1 3
1562 4 5
5290 1 2
5365 5 5
4960 2 1
4210 4 1
6562 1 2
6517 4 4
2057 5 1
9163 1 5
9012 1 1
9105 4 5
911 3 5
7728 2 2
8191 2 3
1835 4 5
1706 1 1
4180 3 3
6873 3 2
9495 3 3
3978 5 2
6274 4 5
507 3 2
9659 4 5
6513 5 3
8667 4 1
4302 3 5
4475 5 5
6611 5 1
9608 2 4
9852 1 2
3331 5 4
4825 1 3
1550 2 3
1190 3 2
9375 3 3
9027 4 5
5714 2 4
3018 1 5
2887 1 2
1132 3 4
4611 3 3
6137 1 3
5300 4 2
3963 2 5
8403 2 1
1857 1 1
485 5 2
5036 4 5
3464 4 5
7637 1 1
4576 5 1
5291 1 5
5915 3 2
478 2 2
6739 3 1
1283 3 3
4449 2 3
5516 1 3
9510 3 4
27 3 4
7775 1 3
2461 1 5
6920 4 1
8727 5 3
9728 5 5
1816 1 4
6637 1 2
2810 1 4
5869 5 3
7149 5 3
797 3 3
2426 3 3
8732 5 4
4 5 1
5061 2 5
6806 3 2
7761 2 4
1940 2 2
8263 4 5
4239 5 2
1814 1 1
9165 3 4
6668 2 5
3471 2 1
494 3 2
6633 5 5
4107 1 3
9020 3 2
2219 4 3
4364 3 5
401 2 4
2630 1 1
2273 5 4
8827 5 4
8753 2 4
7126 4 5
3962 5 4
5568 5 4
7240 4 3
1551 3 5
1651 2 4
5072 1 1
1769 3 5
7175 2 3
1532 4 4
438 3 1
103 4 2
8032 5 1
5531 2 2
9995 4 2
925 2 1
458 2 5
9640 5 2
2490 2 2
1604 1 1
8040 3 2
9044 3 3
5300 1 3
6754 4 2
3215 1 4
140 3 1
971 3 2
372 1 5
414 5 3
593 3 3
4079 3 3
7626 4 4
8355 2 4
2081 5 4
3360 1 2
4617 3 1
6060 5 1
5151 1 3
7501 4 1
4978 1 4
1233 1 2
3170 1 2
5165 4 2
8405 2 1
91 5 3
5954 5 5
4553 3 1
9547 1 1
8834 5 1
6199 1 4
9622 2 1
1374 5 5
4310 5 2
6505 3 4
6945 4 5
9283 2 4
4832 1 1
5550 3 2
1760 4 2
4209 4 3
9064 2 5
2189 3 2
725 2 1
465 3 4
7905 2 5
6862 1 4
8043 5 2
1910 4 3
2162 2 4
6480 2 2
6587 2 1
5148 1 2
7872 5 5
3841 4 4
6746 5 2
4177 4 4
8551 3 3
308 1 3
200 1 5
1145 4 3
1967 1 1
7056 3 2
6886 3 5
1036 3 3
5634 5 1
2844 1 4
5691 5 5
4784 2 5
2639 1 4
8262 2 2
2383 3 5
6097 5 1
8636 4 1
3699 3 4
9147 3 2
6637 5 1
9996 3 1
1881 4 4
1505 5 2
5315 4 4
9821 2 1
9135 5 4
149 2 5
8330 4 1
2524 2 4
697 3 2
96 1 2
2953 2 3
4442 5 1
549 1 5
8745 3 2
7556 3 2
3492 1 3
8949 1 5
8870 4 4
2070 3 4
5783 5 2
1705 2 1
9320 2 4
5719 4 2
7402 1 1
5755 3 5
841 1 5
983 1 1
2406 3 4
4876 1 5
5144 3 1
13
131
283
445
498
555
650
682
704
918
922
1117
1220
1338
1441
1508
1557
1565
1703
1845
1980
2185
2290
2399
2738
2752
2940
3127
3175
3188
3206
3242
3298
3409
3462
3490
3536
3627
3628
3777
3792
3825
3828
3920
3942
4017
4389
4449
4518
4593
4666
4925
5016
5030
5440
5549
5556
5558
5805
5965
6018
6025
6043
6059
6137
6189
6312
6590
6740
6741
6853
6858
6899
7010
7056
7264
7426
7533
7716
7870
7925
8154
8262
8268
8396
8563
8650
8969
9100
9241
9344
9450
9485
9488
9543
9571
9614
9699
9848
9955
