8000 100 8000 1
3478 1 4
1682 4 1
2539 5 5
8267 2 2
2198 5 4
7662 5 2
8613 5 5
4487 1 1
8045 2 2
6487 3 2
1449 3 2
3262 5 3
8686 4 2
5561 2 2
632 1 4
6414 3 1
6825 2 3
295 3 2
1079 2 5
9258 4 2
7435 2 5
2311 5 1
4783 1 4
5634 1 3
4259 4 2
7883 3 4
4131 3 5
4071 3 5
1354 3 3
3930 3 2
2748 1 2
2153 3 4
8128 5 5
6719 1 2
1518 5 5
8030 5 2
7295 4 3
9345 1 3
6639 2 1
8837 2 5
6265 2 3
3126 5 5
8996 1 3
6900 5 1
8020 1 2
7613 2 4
3356 4 3
5406 3 1
8046 1 2
8373 5 1
3508 5 3
2431 3 1
5638 4 5
8288 3 1
6953 1 5
1605 2 5
1466 1 5
4917 5 5
9175 1 4
56 2 2
9829 2 1
2697 5 5
8545 2 2
5227 5 1
3630 5 3
6296 5 5
1497 2 2
4576 1 1
1810 2 2
1687 1 2
3241 4 5
299 3 2
9491 3 4
7352 4 3
1894 1 5
3013 5 4
6013 1 1
3247 3 5
2610 3 1
1368 5 5
2912 2 4
4210 2 1
4365 5 1
3913 5 5
4296 4 4
765 5 5
8053 3 2
886 5 4
6656 5 1
3 3 2
9049 2 3
8785 5 2
7991 4 2
3156 1 1
7679 3 4
3371 5 5
4747 4 2
8115 1 5
3709 5 3
4551 2 3
1309 4 2
9957 3 3
3958 1 2
3453 2 2
8987 5 2
2184 5 4
9928 4 3
188 2 3
3967 3 4
4141 5 5
9628 2 2
2385 1 3
6367 3 1
477 2 1
6663 3 1
6208 2 3
5647 5 5
6774 1 2
2926 3 5
4987 3 5
9430 3 1
3941 3 2
8496 1 5
1402 4 4
924 5 3
6684 4 3
4763 3 2
5296 5 1
3093 5 5
8557 3 2
635 3 3
1822 4 3
5849 4 1
1775 2 2
4652 3 2
5995 1 1
3646 2 1
3545 3 2
7050 4 1
7245 2 1
1173 4 5
4607 4 1
4549 2 3
8601 2 2
2590 3 1
2649 2 2
7128 1 2
7356 2 4
8465 1 4
8143 3 1
2628 5 3
6548 3 4
5400 2 1
5568 3 5
3119 2 5
5022 3 3
5767 3 3
1462 5 2
8408 5 4
1663 3 3
6962 2 1
5244 3 4
568 4 3
8801 2 4
2697 3 2
495 5 5
7161 3 4
8421 3 3
4468 4 2
4520 1 5
6102 5 5
9042 4 3
8965 5 1
6275 3 3
640 5 1
4631 5 1
4627 3 2
5606 1 5
4848 5 3
5470 2 2
6473 2 2
6956 5 2
9901 2 2
8605 4 5
6455 1 3
8780 2 5
2397 5 4
7925 1 5
2365 2 1
658 3 1
8969 2 4
1852 4 4
420 5 5
7874 5 5
2367 5 2
1599 5 1
8033 3 5
3408 2 4
8204 1 5
7639 4 3
3371 5 3
4301 5 4
6106 4 1
5111 5 5
2793 4 1
7847 2 4
3189 1 3
6857 1 3
8281 4 2
4296 4 2
3271 1 3
1230 3 5
6356 5 4
8954 4 3
3687 4 1
5560 3 4
9592 4 1
7634 1 4
3700 2 1
2564 2 4
2974 2 1
3883 1 1
8750 3 3
1519 1 2
2812 1 1
5511 3 4
1607 4 4
2767 2 5
8998 3 1
2150 1 4
2302 1 5
6476 2 1
1607 5 3
6681 1 1
6807 2 1
5715 5 1
2303 2 1
3677 2 2
8136 1 2
7829 4 4
6299 5 1
7406 4 1
8812 2 2
3760 4 2
5531 4 3
1001 1 2
5902 4 3
7219 2 5
8455 4 5
9127 5 3
28 5 1
7834 5 4
7838 1 3
8320 4 2
6867 3 4
3706 4 1
5899 5 1
6212 3 3
2635 4 5
8780 4 1
1877 4 2
1581 1 4
6360 5 5
3493 2 2
6804 2 5
2200 3 2
286 3 4
8882 4 1
8454 1 4
9776 2 2
9837 2 1
9316 3 3
4266 3 4
7188 2 3
1336 1 3
9704 2 2
9507 5 3
5792 4 4
4517 2 2
418 5 2
5678 1 2
6549 2 5
937 1 2
6587 4 1
4431 2 4
2705 4 5
2605 3 3
2269 4 4
9823 3 5
7829 3 1
1006 5 5
7951 1 5
4626 4 5
9345 5 2
1507 2 1
2638 5 5
5356 1 4
7266 1 3
494 5 4
8951 4 2
1646 2 3
5736 3 3
3139 1 2
8715 5 5
7621 3 5
1574 2 2
5867 3 5
9049 1 3
1190 5 5
1196 1 4
2643 1 3
3870 1 5
8633 5 5
2977 2 5
7630 2 3
9229 1 2
7637 5 3
7199 3 5
5721 5 4
7832 1 3
913 4 5
7842 3 5
5323 4 4
6979 3 1
920 2 2
62 5 2
8411 5 5
4481 4 1
5995 1 4
8659 4 1
6317 5 3
442 3 4
2303 3 1
9265 2 1
5379 3 4
4700 3 2
2000 3 5
9228 1 5
2793 5 1
3534 4 5
1407 1 3
2432 2 4
9729 2 4
1443 3 1
7610 3 3
7577 2 2
6766 2 3
3273 1 3
975 2 4
6353 4 2
4971 5 1
9467 1 2
9230 4 5
4361 5 3
6670 2 1
5456 3 2
9864 4 4
7355 1 2
5356 5 2
6579 4 4
9467 1 2
9141 3 4
3312 1 5
2586 5 1
9125 3 3
4227 2 5
4061 2 3
4549 2 3
5370 3 2
9905 5 3
3388 1 1
3389 2 3
3059 1 2
1343 4 5
6963 5 1
2887 2 1
8582 5 4
1298 2 5
5841 5 5
8025 1 4
9820 2 4
9416 2 3
2123 4 2
2484 4 3
3499 4 4
9955 2 3
6742 2 2
1529 1 3
5123 1 4
4855 2 2
721 3 3
4146 5 1
9632 1 4
9874 1 3
3322 2 4
3703 5 1
2173 4 3
3191 2 1
3988 5 3
4200 3 1
4944 4 3
645 1 3
5865 1 1
2052 2 2
520 1 3
8319 2 5
7923 3 4
1912 3 5
8472 3 1
7338 3 5
5226 3 2
8262 3 2
7008 4 3
6543 3 5
5309 3 1
8513 4 2
173 4 3
4530 3 1
4414 3 4
5625 2 5
2452 5 3
949 1 4
2791 5 1
9969 5 4
5620 2 4
8438 4 5
9405 1 2
2945 1 1
5870 3 5
316 5 4
2946 2 4
4929 1 5
4574 2 4
5598 4 5
1861 3 4
8855 2 1
6309 4 4
3950 3 4
1065 5 5
980 1 5
1098 5 1
8153 3 5
586 1 1
1904 5 4
9997 2 4
268 3 2
6996 4 3
2405 1 4
8646 5 2
5172 5 1
8164 2 1
5277 1 5
7639 1 2
5110 4 5
7612 2 3
2809 5 5
5800 1 1
4251 2 4
4530 1 2
3312 3 1
6129 4 4
7504 3 3
9785 2 3
7795 5 3
6814 1 1
5497 2 1
9596 3 1
6901 4 4
917 3 2
9800 3 1
5196 5 5
9570 4 4
7891 4 1
6193 4 1
7907 3 1
6705 2 3
6764 3 1
311 3 5
6468 2 2
8469 4 2
2223 2 5
7028 4 2
6341 3 2
2219 3 2
757 3 2
6624 3 4
8078 2 3
6863 2 5
7279 1 4
1079 1 3
2061 2 2
9648 3 4
1640 1 3
137 3 5
3221 1 3
427 4 4
2905 2 1
8321 2 4
5583 5 3
4384 2 4
942 2 4
7407 3 2
2514 3 2
697 5 5
957 3 4
4546 2 2
4180 1 2
3063 2 5
493 4 1
9741 4 2
5144 4 1
8332 4 2
2240 2 2
3344 5 2
5380 3 1
4223 5 3
6809 2 1
5182 4 4
4440 2 4
4587 4 1
777 3 5
3219 2 5
4052 1 4
8300 5 1
1259 2 3
3434 1 3
4254 5 3
1299 1 4
5583 3 4
3668 4 1
11 3 5
8886 2 2
4405 4 4
8784 4 5
4291 2 1
9583 1 3
4679 1 4
1807 3 4
612 4 1
1720 1 1
1931 4 2
6538 4 3
5564 1 4
5540 4 2
9814 2 1
7122 5 3
1044 4 4
9610 1 5
3893 3 2
9417 5 5
4351 3 5
8717 1 5
798 5 5
9590 1 4
8979 2 1
3569 4 4
2241 5 1
862 5 2
6268 2 3
9136 1 3
8269 5 5
5592 1 4
9693 1 3
7231 1 2
4922 4 3
9346 5 1
5799 2 3
4849 1 5
3748 4 4
6163 2 1
4119 3 1
8234 3 5
9919 1 4
1962 2 1
7960 1 2
1719 5 2
9057 4 5
5525 1 5
803 4 3
2631 3 2
93 4 1
6924 3 2
8726 3 4
3254 1 4
4823 3 3
1887 1 5
4310 2 4
2109 5 2
5873 5 1
1978 1 3
7118 5 4
1751 2 1
9052 1 5
671 4 1
6461 3 3
9196 4 1
6775 3 3
4182 1 2
2323 4 2
9145 1 1
3563 1 3
2633 3 5
392 3 5
6254 3 1
973 2 4
9354 4 3
8538 4 4
4083 5 4
1385 3 5
5184 3 4
3070 4 1
4102 1 1
7993 2 3
7173 1 2
7795 2 2
3455 3 4
9183 5 3
1035 3 5
2289 2 3
62 3 2
1433 4 5
7712 1 3
8571 5 1
807 4 5
884 4 5
9558 4 5
3025 1 3
392 5 4
4546 1 3
3688 2 3
3693 1 3
2371 3 1
1128 1 4
3032 1 1
2622 4 1
2277 1 5
8956 2 1
5128 5 4
7993 2 1
6744 3 3
816 3 3
8536 3 5
4361 4 2
4443 4 1
529 1 2
8119 3 4
3742 2 1
618 1 3
1320 1 5
4257 5 5
8755 4 1
8133 1 4
5855 4 4
960 4 2
6996 3 5
1389 5 3
7954 2 5
9355 5 3
7111 4 3
3556 4 1
3024 4 2
8022 3 3
7128 5 2
2594 4 2
7714 4 1
8032 5 2
2844 4 2
10000 4 5
9005 4 3
3579 2 2
7859 5 4
746 4 5
5373 2 3
4810 4 3
9509 3 4
5360 4 2
2021 4 3
506 1 2
7373 2 1
7752 5 5
6454 5 2
3908 4 2
5953 3 4
1872 5 2
5834 2 5
9778 2 3
2808 1 4
8538 2 5
2456 4 5
7536 2 4
1822 2 3
6344 4 4
5501 4 4
5182 5 3
994 1 5
7675 4 4
5213 5 5
8077 4 2
9051 3 1
6235 2 2
8969 5 2
69 5 3
7870 5 4
9176 4 3
3368 1 5
4894 4 1
6071 2 3
9372 1 3
4061 2 3
3732 3 1
9966 5 2
8912 5 1
1988 1 4
7273 1 2
4518 1 3
8933 3 4
5208 2 1
17 2 3
7401 4 2
3780 3 2
7615 1 2
2108 4 5
914 5 5
7837 2 4
749 5 2
9707 4 4
3343 3 1
1643 5 2
1480 2 4
7302 2 5
8822 1 3
4107 4 1
5923 4 5
8182 2 4
9614 3 1
18 1 4
5095 4 1
5066 3 3
6892 4 3
5066 5 2
6019 1 3
6217 2 4
334 4 4
5999 2 3
6218 1 2
765 2 2
937 5 5
7346 1 5
4179 5 5
7983 1 5
4595 3 4
4748 5 5
4766 2 5
8112 4 3
6930 5 2
2763 3 5
2681 1 2
6973 3 3
5521 3 5
8059 3 4
9543 4 1
9846 2 3
2685 2 4
3768 2 2
8062 1 4
3590 2 3
7212 4 1
6834 1 4
9604 3 3
361 2 1
8817 5 3
5905 3 1
271 5 3
1319 4 5
9938 5 3
239 2 4
651 5 1
4105 2 5
6622 2 1
4177 1 5
2070 3 2
251 2 2
3533 2 5
5846 3 5
9106 4 1
8583 3 5
2219 5 4
3234 1 1
968 1 5
9101 1 5
8768 5 1
398 4 4
3628 4 3
1798 5 1
481 5 2
6858 1 1
8391 4 5
7147 3 1
1339 5 5
5686 2 1
2083 4 3
4721 1 4
6573 3 3
3585 1 3
4285 1 5
1273 4 5
4108 4 1
7399 3 4
7168 3 4
9263 2 1
5625 3 3
5123 3 3
9288 4 3
7017 4 5
9307 5 5
2936 3 3
8515 2 2
7657 5 3
4416 3 2
8667 1 5
229 4 4
6746 5 3
3743 1 2
5774 5 2
9951 1 5
6746 3 4
234 3 2
6415 4 5
4947 4 4
4989 2 3
5031 5 1
5198 2 4
1090 2 4
7043 1 5
5124 3 4
6153 5 5
4314 5 5
69 5 4
6104 4 3
7426 4 3
3631 1 2
2962 4 3
5263 3 3
4449 3 3
6935 3 3
9946 4 3
4653 1 1
42 3 4
6451 4 3
2537 4 5
8036 4 1
418 3 5
3066 2 5
8843 4 1
8834 4 3
6855 1 2
3273 3 1
5316 3 4
6369 4 3
7867 3 1
7238 1 2
1376 3 5
757 2 5
609 1 3
4706 1 3
6450 1 1
9448 2 3
5876 4 1
6076 2 5
6324 3 2
9377 2 2
9671 3 4
3224 2 4
218 4 5
8770 4 5
3292 5 2
7304 4 2
6894 5 1
5006 5 3
9997 1 1
9201 4 3
2063 3 3
3722 2 4
1429 3 1
5352 3 4
1330 1 4
6804 3 4
8922 5 3
7482 5 3
7052 4 4
9095 2 1
4937 3 1
7315 4 5
3616 2 4
1168 2 2
707 4 5
8670 1 4
7067 3 1
6099 4 4
2286 4 4
1244 5 2
6439 5 2
2638 4 4
2589 4 1
6156 1 3
7931 3 4
6365 2 4
1067 5 1
7679 4 5
192 5 1
4421 3 3
1228 4 3
3414 1 2
9408 3 5
5714 5 3
2399 5 3
369 3 1
2666 3 5
2443 5 2
4194 1 4
6843 5 4
9958 2 2
7247 4 4
6462 1 4
8176 2 1
8290 1 1
8902 1 2
8436 5 5
6131 4 1
4800 4 3
2779 3 5
4041 1 2
525 4 4
112 4 3
6332 5 1
4646 3 2
5954 1 3
977 4 2
3776 1 5
7382 2 2
1093 4 5
7672 3 3
9782 2 5
1339 3 3
8602 3 5
6592 5 4
406 1 5
2960 4 5
8302 2 3
7404 4 1
2014 3 4
5087 3 1
8089 2 2
2992 2 1
9283 1 5
60 5 4
4685 1 5
1642 4 1
6545 3 3
4127 1 4
1599 5 1
1634 2 5
6 1 4
6723 2 2
9149 1 1
2270 2 5
4197 3 1
4884 2 2
6672 1 4
5361 2 2
4818 1 3
8995 5 4
5771 2 2
7770 1 3
9914 2 5
3266 5 4
3573 1 3
5772 1 1
3047 5 1
3564 2 4
9341 1 5
4449 2 1
325 4 2
2171 5 1
6029 4 4
7475 1 5
3065 5 4
1580 2 5
5677 2 5
8094 4 5
8601 4 5
3786 1 4
6812 3 4
3045 1 4
6688 5 5
9142 2 1
1615 2 1
8799 2 1
8353 5 2
7378 1 1
4718 2 5
547 1 3
6878 2 3
7659 2 3
3859 2 4
3209 1 3
2675 1 4
1812 1 1
2711 1 2
5606 2 5
1167 1 3
8455 1 1
2750 2 4
6891 3 1
5570 3 2
2147 4 5
4175 2 3
5269 3 3
1358 4 5
7084 3 3
7514 1 3
2300 3 1
125 5 3
9560 1 4
3809 4 4
7622 5 4
729 3 2
5113 4 5
8553 1 2
8099 3 5
4816 3 2
5019 4 5
7824 1 3
8234 2 4
3122 2 3
3205 4 4
4582 1 3
1574 3 4
5292 5 2
4131 1 1
6236 1 2
760 2 4
7433 2 2
2760 3 4
9441 3 5
1920 1 1
3297 4 3
7375 2 2
8364 5 3
1959 3 2
8081 1 4
9754 3 5
4651 2 3
1654 1 4
4891 4 1
134 5 2
8180 1 4
887 3 1
9448 4 5
3236 1 4
9870 5 2
6849 3 5
6978 3 1
9292 2 1
2319 3 5
7978 4 3
1734 1 5
1962 1 3
8246 3 2
6508 5 5
5665 3 5
8023 2 4
4866 1 5
993 2 1
9794 2 2
1040 2 2
8380 3 5
4290 4 2
5493 3 1
2087 4 2
8594 1 4
554 1 3
7576 2 2
8877 1 4
1168 3 4
7313 2 5
7895 4 3
5002 4 2
7464 3 2
7298 3 3
1374 5 1
2738 2 5
894 4 5
123 3 4
1095 5 2
3262 5 5
9403 2 2
1478 5 2
3137 4 4
7787 2 5
3599 4 4
7255 3 2
2364 1 5
8130 2 3
2574 4 4
869 3 1
900 1 5
890 4 1
6993 4 3
8920 3 5
2696 1 5
1603 2 4
9001 5 4
3728 1 2
4845 1 1
4212 1 3
3670 1 4
7533 2 1
8712 3 3
4428 5 1
7740 5 4
2159 4 2
5561 2 2
1312 4 4
1066 5 1
1 5 4
7975 1 4
4607 5 4
1461 1 3
4961 5 2
2952 1 1
6941 1 4
692 1 4
2484 3 5
2132 1 3
4726 2 3
4280 2 5
6358 4 2
3199 3 4
2649 5 1
2390 2 3
4592 4 2
9816 3 5
1986 1 3
4400 1 3
9338 2 1
2549 4 5
888 5 1
5609 2 3
1630 1 5
7453 2 5
7372 4 4
1897 2 1
6519 5 3
4967 3 1
7043 1 2
9381 2 3
5008 3 5
9431 5 5
6788 1 4
8649 1 2
6043 3 5
6986 4 4
8176 1 5
2938 2 1
4001 1 3
3287 2 4
6288 1 1
4021 2 1
470 2 1
6028 5 2
6112 2 5
5768 2 2
7512 3 1
753 1 4
4893 3 4
3115 1 1
3554 3 1
1959 2 5
3216 4 2
1068 1 4
3259 2 4
7227 5 3
8244 2 5
3426 3 2
4513 3 3
6303 4 2
9636 1 5
6276 3 2
3600 4 5
4018 5 2
6316 3 2
8919 4 3
8310 4 5
1951 3 4
9580 5 3
9208 5 4
4040 1 5
122 4 1
6180 5 2
6571 4 3
5186 5 3
7443 3 3
9632 3 3
9596 1 5
6176 1 1
6194 5 2
4461 4 4
8646 2 2
5814 1 1
5974 4 4
1402 5 1
5325 4 3
1693 4 5
4121 3 1
9123 3 4
4948 5 1
3315 3 4
892 3 2
7745 1 5
9997 4 1
4756 5 2
623 4 3
7436 1 4
8018 2 4
7065 4 1
15 2 3
1004 2 3
7377 4 5
8007 2 5
3246 2 5
3043 3 5
9881 4 2
8295 5 4
6406 1 5
8457 5 1
39 4 3
2995 1 5
473 1 4
7418 1 5
3336 2 2
462 2 4
4133 5 5
1451 1 3
9607 4 3
264 5 2
2313 5 4
6660 4 4
5477 1 5
9364 5 4
2886 5 5
3111 1 4
7928 1 5
4846 5 1
3146 1 3
852 1 5
2427 3 4
9949 1 3
9552 5 4
3683 4 5
6700 5 5
5742 5 2
3706 2 3
3673 4 4
926 2 1
7632 1 1
7084 3 1
6940 5 2
2189 5 3
2607 4 3
3572 1 5
9320 1 5
76 1 5
5396 1 4
2332 4 5
4275 1 5
3236 2 2
1712 2 3
8126 3 2
5095 2 1
1652 4 3
9372 3 5
9451 4 5
3079 5 2
4542 2 1
3162 1 1
3261 5 5
6260 3 5
6110 5 3
2203 1 1
1009 2 1
2142 5 5
9144 3 1
989 5 4
8829 4 2
9730 2 4
2340 1 2
4560 2 2
4648 4 4
7376 4 2
8749 3 1
3468 4 4
39 5 4
6416 5 1
7509 5 5
4111 5 3
4546 4 3
5936 4 1
2365 5 1
2423 1 5
7520 2 5
4408 2 5
1785 1 5
1367 3 3
7952 1 5
4565 1 5
1865 2 4
1855 5 4
7848 2 2
2334 3 1
5073 2 2
9691 1 4
3783 5 2
3970 3 4
3620 2 4
5330 2 2
5155 4 5
7140 4 4
2252 2 3
8112 2 4
5356 1 3
9856 2 2
4611 5 1
9056 3 3
7340 3 1
3975 1 1
7394 4 4
6108 5 1
7253 3 2
2038 1 2
5983 4 5
177 3 5
4430 4 4
7978 5 1
1270 2 3
800 1 5
2136 1 1
1231 4 3
4044 2 1
9767 5 5
365 5 2
7671 3 4
7936 1 1
184 2 1
8244 5 2
9266 5 1
6514 3 1
7113 3 3
7690 2 4
9725 4 4
7967 5 3
7811 3 1
4526 5 3
5920 3 3
7342 3 1
424 1 4
6368 5 5
7656 2 1
5219 4 2
1290 1 1
8067 2 4
5302 1 4
4248 2 4
6515 2 1
5870 3 2
2685 3 1
8509 1 1
1951 3 2
430 1 1
2237 5 1
4716 3 2
6059 3 4
1238 3 4
3312 3 4
4095 3 2
2982 4 5
8126 4 1
4440 4 1
2542 3 2
3450 3 2
9967 4 5
5379 2 4
6655 1 3
12 2 5
2304 2 3
1766 1 5
9147 3 1
7062 1 2
3105 3 4
9053 2 3
9538 5 5
733 4 1
7839 1 4
7603 4 1
883 3 4
2025 5 2
9592 1 4
7743 3 5
4149 2 5
9055 1 4
6642 4 4
6105 5 1
5545 3 5
7544 2 1
8044 1 2
8900 3 3
5315 2 2
8887 1 5
6270 4 5
8506 1 3
9213 5 1
2503 2 5
5289 1 2
8337 3 5
2160 1 2
4564 4 1
7167 5 5
4039 1 5
1118 2 5
3420 4 4
5147 3 5
4391 3 1
8714 3 5
2075 2 2
7945 1 3
4325 3 5
8010 2 4
9904 3 4
4550 2 3
7537 3 3
1348 5 2
7403 3 5
6140 4 4
3011 5 3
9631 2 2
9172 5 5
714 3 3
5122 1 4
2614 2 4
7386 3 1
1136 3 1
6648 4 3
6413 2 5
5600 3 5
9047 2 4
4284 2 5
5154 4 1
2506 4 4
17 4 1
5048 3 3
3487 2 2
8674 3 3
6178 5 3
2327 1 3
5929 5 2
4398 2 2
515 3 1
6097 3 4
9334 3 4
8914 5 5
9032 4 4
4078 5 2
7246 1 1
7882 3 1
3876 3 3
9167 3 5
4182 1 2
1699 3 1
3377 4 5
5014 4 5
4309 4 3
774 5 4
2420 2 1
1377 1 1
1639 2 4
4753 5 1
5267 1 5
2189 1 5
271 2 4
48 3 4
4008 4 3
2346 4 3
5231 4 1
8104 3 2
8559 1 2
3096 2 4
5277 4 4
4691 3 3
3094 1 1
8221 4 3
218 4 5
2880 5 2
2915 3 5
2017 3 5
7450 2 4
6066 3 1
2548 2 3
7733 4 3
5250 3 1
417 3 1
9337 5 5
7485 4 5
6971 1 2
7367 1 1
4564 1 1
7842 2 3
4842 1 5
1912 5 1
6526 4 1
8595 1 4
4698 2 4
8806 4 4
1277 5 4
3604 3 2
2134 2 4
9722 3 2
7376 1 4
6274 5 3
114 5 3
2599 1 5
1784 1 5
6529 4 1
4621 5 1
9185 3 1
9575 2 5
3148 3 5
9532 5 4
2958 2 5
5493 3 5
6025 1 5
6137 2 3
7467 3 5
2820 1 2
6192 5 4
5133 3 1
2572 3 5
3522 1 1
3423 4 4
7312 5 1
5890 4 1
4611 3 2
8264 4 4
9817 2 4
9973 3 4
3587 4 1
4838 1 3
3309 4 4
6849 3 1
777 3 4
8508 4 4
8079 2 2
4630 5 5
7782 4 4
7578 4 2
8116 2 2
1526 2 5
6634 2 3
1059 1 5
1780 2 2
9849 1 2
7927 2 3
498 2 2
979 4 3
5235 4 4
4770 2 3
6535 2 3
1586 5 2
6287 3 5
2821 2 3
4469 1 5
5852 5 1
2802 1 3
679 3 1
2021 1 1
923 2 4
7323 5 1
5142 2 3
1394 2 1
5998 2 5
7200 3 4
3793 4 5
5054 2 3
5202 1 2
6344 5 1
1950 2 4
696 5 2
7084 5 4
2424 2 1
3964 4 4
9531 2 1
9773 1 2
2269 2 3
2753 1 3
3437 5 3
4302 4 5
7383 5 2
582 4 3
566 4 1
4373 5 3
7311 2 5
861 5 5
4860 3 2
27 5 5
9626 3 2
1989 5 4
8845 4 4
1217 1 3
5562 1 5
8367 3 1
7389 2 5
8746 5 4
401 2 5
7503 4 3
996 2 2
8547 2 4
1481 2 1
8645 4 2
8513 4 5
1611 4 2
5731 4 5
4142 1 2
7231 5 4
1964 4 5
7512 2 2
946 1 2
778 2 5
2715 5 4
8272 2 4
4632 3 3
55 4 5
6230 2 1
7264 1 1
9093 2 3
6198 1 2
9226 2 3
9259 1 4
4010 4 3
555 2 3
6938 5 5
7329 2 4
1383 1 4
6392 4 3
8614 4 5
1113 2 2
1261 2 4
6680 3 2
2786 1 4
3820 5 4
8681 4 3
2384 5 2
6234 4 1
1418 4 3
4364 2 3
9042 4 3
9646 3 4
2076 1 1
8723 2 3
6282 2 1
8333 1 4
515 3 5
7587 1 2
8495 4 3
3920 5 4
7534 1 2
4006 1 2
2680 5 5
5985 4 1
7826 4 1
7215 5 2
7892 4 1
3389 1 2
5322 2 1
876 2 2
5588 3 3
6543 2 3
1071 2 3
336 2 2
7292 1 3
7601 2 5
93 4 2
1714 5 3
526 1 2
8488 4 4
3410 4 1
625 2 3
1396 5 1
1145 4 3
4165 5 5
4155 5 3
937 2 2
8584 1 1
9174 1 3
7749 5 2
8623 1 3
2130 4 3
2664 2 1
8000 4 2
5586 3 1
2729 5 2
6607 4 3
2365 2 2
2124 1 5
819 4 5
4457 1 2
4840 4 3
1791 1 1
7294 5 3
576 2 3
679 1 1
6157 5 4
7359 4 5
8812 3 1
2955 4 3
6682 1 4
662 1 5
7230 4 4
5721 1 1
5512 3 5
2353 5 4
3641 5 3
2654 1 3
6716 4 3
9657 3 5
2672 1 4
2919 4 3
5090 1 4
6418 2 4
6796 1 2
8012 1 4
4751 5 1
2683 4 2
5036 4 2
7499 3 2
3810 2 1
9430 3 1
8769 1 5
6732 1 3
9436 3 5
9118 2 1
6768 5 4
8736 5 2
704 4 5
9610 5 3
472 3 4
9919 2 1
2877 2 4
1442 5 2
2490 1 2
489 5 3
1168 3 5
6677 2 5
8345 5 4
9084 1 4
8711 2 3
7097 5 5
8439 2 4
2781 2 2
7594 4 4
6488 3 4
9067 4 4
6421 1 2
4364 1 5
1309 5 3
6834 4 4
1501 3 2
6726 4 3
4931 5 3
4883 4 4
9000 4 3
8699 1 4
7102 5 4
9719 2 1
7034 2 3
6631 3 3
2054 4 2
4423 1 2
7160 3 1
6801 3 3
8339 1 4
2032 4 3
3762 5 3
8627 4 3
5148 3 2
2904 1 3
3185 5 2
4775 1 2
7550 3 1
6624 4 2
8316 1 1
856 2 1
6783 5 1
2761 4 3
1655 4 4
3060 1 4
8768 4 3
3835 5 1
1647 4 4
905 5 4
4279 1 1
316 5 1
527 3 1
7427 4 3
7780 4 3
6258 2 3
1280 4 2
2044 4 4
7792 5 4
4057 4 1
8495 5 1
1623 2 2
6158 1 2
5054 5 3
3200 3 5
5330 4 1
7383 2 2
8679 5 1
5432 3 1
9710 3 4
1095 1 1
5063 3 2
2740 5 2
2857 4 5
7396 2 3
1409 5 5
7573 3 2
5415 3 2
2456 5 1
8898 4 2
1522 4 3
6668 2 5
9861 1 4
4946 3 3
5285 5 1
8356 4 2
6343 5 4
4432 2 5
4897 1 1
9223 2 4
1610 5 2
3144 1 5
335 3 4
7707 3 5
1185 5 1
1764 4 1
6172 5 1
1494 2 4
6643 5 1
1861 4 1
4215 4 5
1722 1 2
8528 2 3
7831 1 1
2806 5 5
1007 1 2
4968 1 1
3162 4 2
1113 4 1
1071 5 2
7207 1 3
2790 5 3
5290 1 3
7279 2 4
9829 1 5
7009 4 5
7475 1 4
4878 1 5
2284 1 5
7467 5 4
8023 2 5
7874 3 2
2783 2 2
3598 3 2
3687 4 1
4290 1 2
7793 1 2
6877 1 1
9050 2 1
3683 1 1
478 5 4
5922 1 1
9595 1 1
7494 4 2
672 5 5
2844 5 5
3322 3 1
8192 4 1
5005 4 3
9740 2 3
6569 3 1
5801 3 5
3112 3 5
555 1 4
3121 5 1
5397 4 5
8777 2 5
7189 2 5
8193 3 2
1929 2 1
7482 5 2
2999 1 4
6428 2 1
7113 2 5
9894 1 1
6490 1 3
9200 3 5
7905 1 1
1779 2 1
8389 4 2
679 4 2
5610 5 4
4391 2 1
8562 4 1
431 1 4
9479 2 4
2456 1 3
4252 2 1
115 3 4
4917 1 5
4315 1 2
5662 3 2
888 5 3
6538 1 4
535 4 2
1811 5 2
8455 2 3
7710 5 4
2672 1 5
5827 2 1
511 4 1
3694 3 2
1848 1 1
7888 5 3
6983 5 4
2383 5 5
1898 5 5
3927 4 5
5182 3 3
1848 4 2
9450 2 4
8479 2 2
7727 3 2
3630 5 2
8910 4 2
1395 5 3
8821 2 4
1459 3 4
3184 2 1
6306 4 4
1217 4 4
9396 3 2
2690 4 2
4083 5 4
9442 3 1
9082 2 1
943 5 1
2556 4 5
3202 4 3
8036 4 1
1550 5 1
6103 4 1
5524 1 3
3426 5 1
1679 4 4
7731 4 3
117 1 2
8762 2 4
8031 5 4
9978 1 2
5852 1 4
9252 5 3
2186 1 3
930 1 1
9315 1 2
2289 1 4
6834 4 4
2683 3 1
2119 1 2
6086 5 3
6584 2 2
3568 5 1
6053 1 2
6537 2 4
5319 2 4
4019 3 4
6454 3 1
9856 5 5
3261 4 5
2900 2 3
2921 4 4
6674 1 2
3568 1 5
6342 1 4
3783 5 4
8136 3 1
8504 5 3
524 3 5
4256 5 2
5633 1 3
4325 2 3
8796 3 3
968 5 3
1952 5 4
2994 4 5
799 4 5
5840 4 4
5421 3 3
5631 5 3
8957 5 5
4201 4 1
5002 5 4
5357 5 2
7801 2 1
8980 4 5
4686 2 2
1219 4 4
2775 2 1
8267 3 3
3869 2 4
2839 2 3
577 1 5
579 2 2
1538 2 1
3343 5 4
7445 2 2
9715 4 3
7016 3 3
7961 4 1
5371 1 3
2844 3 5
9876 1 5
4977 4 5
1086 3 1
6853 2 5
9333 3 3
1131 4 3
3929 3 2
779 1 2
8962 4 5
8507 1 5
4269 1 2
7120 1 3
3937 2 1
3075 2 4
2641 4 4
3700 1 3
9909 4 5
6515 2 3
8970 1 3
9540 3 4
580 4 5
3376 1 1
1845 4 2
615 2 4
2034 3 3
7973 2 3
6009 1 2
251 2 3
942 1 5
8105 1 3
5437 2 2
5131 4 3
1540 3 4
3061 2 3
5387 4 4
8925 3 4
8064 1 1
4056 2 3
232 1 3
6149 2 5
5253 2 4
9063 5 2
7161 4 1
6443 3 1
9770 1 3
2465 5 1
9298 3 5
220 5 5
3040 2 5
5334 3 5
8230 4 2
2878 2 3
4352 5 3
1402 2 5
724 3 1
7497 2 1
9366 1 1
2719 3 1
6453 5 4
7600 2 2
8235 5 1
7750 4 2
3795 4 5
3709 3 4
2491 2 1
9506 4 1
5697 1 3
3349 2 5
7368 3 4
4617 3 5
207 1 1
4107 2 4
1936 1 5
7153 1 3
8643 4 3
2088 1 1
9180 1 3
9437 5 5
7975 1 3
254 1 2
8051 3 5
5586 3 2
1942 4 5
7063 3 3
7526 1 1
9241 1 5
479 2 5
5171 2 2
5245 2 1
770 1 1
1638 4 3
3691 2 5
4391 5 1
9119 5 4
9670 2 2
6898 1 2
85 5 3
1953 5 5
4678 3 3
4403 1 5
9286 5 5
8162 4 4
2753 3 3
3432 1 5
610 2 4
9564 3 2
6079 3 4
1162 3 3
518 4 1
6868 1 4
5733 3 3
3910 3 4
8648 1 4
9282 2 3
7297 2 3
6097 1 5
8721 5 1
9141 5 4
9060 2 4
4054 1 1
5899 1 4
6766 2 1
3879 3 5
5284 1 2
9915 4 3
9758 2 4
6163 3 3
3687 2 2
5697 5 1
9739 3 5
8456 5 5
9947 2 5
1339 1 4
6528 3 2
7255 3 1
1283 5 5
526 4 5
166 1 4
2059 4 4
1708 3 2
6301 2 1
4680 3 2
736 3 4
9258 3 3
8907 1 4
3462 1 3
1883 2 2
9099 5 5
1281 4 1
5705 4 1
128 5 4
200 3 2
8939 3 5
6004 5 4
5051 3 2
1156 4 4
2889 4 3
9630 4 3
3598 1 1
8307 4 3
704 4 2
4135 4 5
2121 1 4
1326 3 1
5006 5 5
4231 3 1
5697 4 2
5414 5 4
8965 1 4
9959 2 5
14 3 5
3703 3 1
1500 1 2
9474 1 5
8347 5 1
1137 4 4
7401 2 5
8420 5 3
1802 3 5
7648 3 2
6022 2 5
9615 5 3
1381 5 5
7539 2 3
205 2 1
2098 5 3
6644 2 2
6825 5 4
6774 3 4
9593 2 2
69 1 1
9708 5 5
9576 4 2
9296 1 1
6161 3 2
9225 3 4
890 4 5
972 3 4
1199 5 2
5103 2 5
3793 4 4
5062 1 1
7388 3 3
3668 1 1
6154 4 1
5922 3 5
3283 2 5
7080 3 5
2585 1 1
1643 5 5
5081 1 5
8818 3 4
3018 2 1
9732 5 3
6192 3 2
9644 3 2
2978 1 1
6203 2 1
8779 2 3
5784 2 4
8960 5 2
6990 3 3
1896 1 3
8909 5 1
875 2 5
3054 2 1
4581 3 5
3999 2 4
9224 3 5
6029 4 2
747 5 4
5996 4 3
8747 1 4
6081 5 4
608 2 1
3604 2 4
1763 2 4
2640 3 4
1884 2 4
8277 2 2
7568 1 3
5718 1 3
5669 2 2
9163 1 4
9116 5 3
9499 4 5
1493 2 1
3054 3 2
9716 3 5
5957 4 2
7155 1 1
5897 1 4
196 2 4
3775 4 1
6425 2 5
2226 2 1
7842 4 5
4881 2 5
7713 4 1
7959 5 3
6094 2 3
8589 4 1
6221 1 5
631 4 3
7396 1 1
6710 1 4
3175 3 4
5307 4 4
3700 1 1
413 5 3
210 4 4
10000 1 3
2792 4 3
4010 4 5
9302 5 4
9078 1 4
8976 5 2
7342 1 4
2124 4 1
9880 5 3
6415 1 4
230 5 2
1248 1 4
1924 3 4
346 5 2
7469 5 4
5387 1 3
950 3 5
4687 4 2
5119 3 1
8986 5 5
4136 1 2
2853 4 3
3946 5 3
2817 3 3
7 2 2
370 5 4
5223 3 4
6590 3 2
8424 4 4
2288 1 5
4181 3 1
310 5 5
6916 3 1
8464 2 3
7349 1 2
8138 4 2
153 1 2
8622 2 4
4063 1 1
8483 2 2
7161 2 1
6458 5 2
7402 3 1
9634 4 5
2919 5 5
3541 1 4
1213 1 4
2284 1 4
5013 2 5
9773 1 2
9504 1 4
4675 1 2
2146 4 1
7091 3 5
588 4 3
3591 5 1
6244 2 5
8831 5 5
6997 3 5
9738 2 4
6335 1 3
1597 5 3
1396 1 5
915 2 4
7768 5 2
7743 4 5
2493 5 3
1503 2 2
5650 2 5
9868 4 5
5855 3 5
940 3 5
2037 3 1
4754 2 4
6047 5 4
723 3 2
7553 1 3
3876 5 5
8747 1 1
3131 1 3
9989 2 5
2020 5 2
7754 1 2
9982 1 2
5813 5 3
2497 1 2
3577 5 1
7619 1 2
9833 2 1
2769 5 5
9201 3 2
817 5 5
4907 4 3
8991 1 3
4034 1 4
4382 4 1
4093 4 2
1556 5 2
1353 1 2
7183 1 1
5874 3 2
7175 2 4
2652 1 3
9923 3 2
9697 2 3
8381 1 2
394 2 5
4840 2 4
1491 3 4
1298 2 4
2384 3 3
3219 4 1
5071 3 5
9179 1 4
5470 3 4
8298 4 1
4306 3 5
5106 5 2
6890 4 2
5359 2 2
3248 1 5
6296 3 2
9275 3 1
4333 4 3
6211 1 4
9547 5 5
5168 3 1
1158 1 3
7264 5 1
9801 2 5
9519 4 5
9286 1 4
7920 3 3
8452 4 1
8074 1 5
8690 2 4
7761 5 3
6805 2 5
1905 3 3
8544 4 1
8816 1 3
1730 5 4
81 1 5
3194 3 1
5756 1 1
8568 1 5
7434 1 4
3765 1 4
358 5 3
2963 4 2
1765 5 5
3327 3 3
2091 1 5
8788 5 4
9737 5 1
5563 5 3
3141 3 1
5056 3 3
456 2 4
735 3 2
108 5 3
7425 2 3
5313 5 5
6693 1 2
3173 2 4
3842 2 4
1773 1 3
3442 2 4
2542 3 4
2468 3 2
5721 2 3
1131 2 4
516 5 3
1285 4 1
4919 4 4
3068 2 3
1247 3 1
5114 2 3
9950 2 3
7209 4 4
5833 2 5
4397 2 1
8545 4 5
384 3 1
4402 3 3
1 5 2
1428 2 3
1985 4 3
3731 3 3
2244 5 3
2630 1 2
8490 1 4
3964 1 5
7761 1 4
3825 5 5
6716 1 3
4974 2 5
5824 5 5
3377 1 4
9884 4 2
1530 1 4
4028 2 3
7775 3 1
309 4 4
8264 4 2
8828 4 2
3537 5 2
2879 5 4
2723 4 1
2891 4 2
7873 5 5
6776 4 3
903 5 3
9033 5 4
6757 1 2
5243 2 3
9362 4 3
375 5 5
1861 4 1
1552 2 2
1179 2 2
807 5 2
9201 1 3
7103 3 5
4662 3 1
4913 2 4
9765 2 1
5264 5 2
7736 4 4
5772 3 1
8151 5 4
8345 4 3
3757 1 1
6037 3 5
4860 1 3
5518 3 4
6521 2 2
1054 5 4
6464 4 4
1826 3 3
9522 5 1
5905 5 5
5724 3 5
8376 3 4
6064 4 1
1657 5 3
6945 2 4
2267 2 5
6559 4 2
9998 4 5
9672 2 3
568 2 3
2681 4 1
2760 1 2
1840 5 3
5816 1 1
7241 1 1
2272 1 4
2185 4 1
8326 5 4
3685 3 3
1361 5 4
5748 4 5
2 5 4
3153 3 1
88 3 5
4067 3 2
8668 1 3
4181 2 5
5457 1 4
8461 2 5
6775 5 1
1607 2 4
4892 5 1
9165 4 1
8235 4 1
3083 2 2
974 4 2
5537 3 4
3768 5 2
6839 3 2
2111 3 4
7908 3 2
7156 3 1
6426 2 3
688 3 5
6171 5 5
9332 5 3
3486 5 4
6782 4 5
2037 3 2
103 4 5
1428 1 1
5677 2 5
6445 2 4
2241 1 2
2559 2 1
7915 4 4
5734 5 5
2157 3 2
408 3 5
7231 2 2
4025 3 2
4808 4 1
4122 5 5
5938 1 2
485 4 5
510 1 4
2079 4 4
4824 4 5
9384 1 3
4673 4 5
625 5 2
6291 5 1
569 5 5
1061 2 3
628 5 1
4898 5 4
3681 5 3
1324 5 3
6837 1 1
103 5 3
4107 4 1
560 5 4
62 2 5
3508 3 3
6201 4 3
1623 4 5
132 2 1
3023 3 1
2058 1 3
118 1 2
8166 1 2
4074 1 3
7123 1 3
6328 1 1
6390 1 5
7912 5 3
5333 1 1
6448 3 1
2246 2 4
7282 3 1
5447 5 1
1675 4 4
4535 1 5
8206 4 4
4300 2 1
6692 5 2
4136 5 5
9807 3 3
5163 2 2
4979 3 2
7440 4 5
13 1 3
7934 2 5
3928 4 4
5770 1 3
2584 3 5
8575 3 3
7784 5 4
9505 2 2
5692 5 5
3080 2 1
4421 4 3
2919 4 2
4692 1 2
1158 5 5
5915 4 2
5309 1 2
8033 1 2
2288 3 4
8680 5 3
1934 4 3
401 4 5
8641 3 1
6400 2 1
4508 3 4
6010 5 4
7011 5 4
3577 1 5
6851 5 1
169 1 4
7979 5 1
8908 4 3
9332 4 1
3518 1 1
5953 1 2
1628 3 4
3784 3 1
8526 1 1
2315 3 4
2636 5 3
7982 2 5
8973 5 2
813 3 2
4238 1 3
553 4 1
5330 5 5
8885 1 3
5846 5 4
1445 4 3
6691 2 4
5621 3 1
9452 1 3
6597 2 2
4743 2 3
9124 4 1
7152 2 3
2832 3 3
8928 4 5
1165 3 4
5242 1 1
2118 5 5
4425 1 4
1818 4 4
6126 5 5
6767 2 5
3125 2 5
7251 4 3
1858 5 1
3294 3 5
4403 3 5
182 3 2
5288 2 5
5450 5 2
7546 1 2
2414 4 2
1328 4 1
8506 5 1
1414 1 3
4401 5 2
35 5 4
3023 3 4
463 4 3
9860 2 3
7558 5 1
5537 1 1
9696 1 5
140 1 4
3758 5 1
9437 3 2
8368 4 5
4899 4 2
7965 1 3
3567 4 1
4482 1 2
7053 1 2
3820 2 1
2406 2 2
296 3 1
6496 1 3
6359 4 4
5870 5 4
7558 2 3
1675 5 2
4416 5 1
2348 1 4
9728 4 5
7336 3 3
406 4 5
5061 1 5
7625 1 1
995 4 5
1016 5 3
8694 2 1
8758 3 2
7024 2 1
6363 4 4
8798 2 2
8278 4 5
7170 2 1
9624 3 2
1140 3 4
8948 2 4
2185 4 4
5139 1 3
8859 3 5
8298 2 4
1114 5 2
2802 1 4
4529 1 2
186 4 5
9230 3 5
198 4 4
4217 2 4
3372 3 2
121 3 3
2238 5 3
6594 4 3
2823 2 4
6124 1 3
919 4 3
8781 5 3
3248 4 3
4550 4 5
4798 3 1
3309 2 3
2455 3 4
2488 1 2
6769 5 3
2818 3 1
5287 4 4
6417 2 3
8956 3 4
2068 2 1
6714 1 4
7436 3 2
7019 3 2
6844 5 5
6663 4 5
9411 4 3
9584 4 2
6794 1 1
9624 5 1
7988 4 1
2333 4 4
8603 1 2
3605 5 1
199 1 4
4213 5 4
9903 1 2
9571 4 3
4781 1 3
7616 2 3
8067 2 5
4773 3 2
4009 3 2
494 2 1
3341 4 1
3670 2 3
7768 1 3
7251 4 5
3104 4 1
7743 1 2
2581 1 3
2602 4 3
4446 4 5
7062 4 2
6810 2 2
7996 1 1
559 2 2
3188 5 4
4191 3 3
9872 2 2
5393 2 1
9503 1 1
9300 3 4
9043 1 3
4947 1 3
7598 1 1
9680 5 2
9944 1 4
8288 3 4
5903 4 1
2655 5 3
3774 3 2
7379 1 3
6424 3 3
8455 1 5
6466 5 1
1219 5 4
4656 4 5
808 4 1
9725 3 2
359 2 1
3847 4 4
1406 3 3
6892 3 2
1380 4 2
5753 1 1
5966 4 1
4702 2 4
6919 1 3
4970 1 3
5243 4 1
9293 3 3
1129 3 1
5861 3 1
4073 3 2
2398 3 1
3365 4 3
2225 3 1
2876 3 4
9701 4 1
3579 1 2
2265 4 2
9805 2 1
1721 1 5
9885 5 3
5440 4 4
843 4 2
1252 4 1
2615 4 5
6778 2 1
1648 3 1
3799 3 5
8176 4 5
4850 2 3
2231 2 4
8874 4 3
3650 1 1
769 5 2
4633 1 5
8648 4 5
884 5 2
667 5 3
4993 1 2
1967 1 4
6578 1 4
1754 3 5
4481 3 3
9577 4 4
4286 2 5
7956 1 3
5 2 1
4597 2 5
4617 5 1
1607 5 5
4387 2 3
9220 3 5
8654 1 2
4640 4 1
4058 4 3
2014 3 2
2802 4 3
3807 5 1
1993 4 4
4564 2 2
8067 5 5
8511 4 1
1996 3 4
7871 4 5
2090 2 3
8316 5 1
8289 5 5
1206 5 4
6841 2 3
2070 2 5
9609 3 1
790 2 5
7010 2 3
9859 5 1
4132 2 2
2530 4 3
4888 4 4
635 5 3
398 3 2
6913 4 3
2712 4 4
1321 2 3
2337 1 1
7544 1 4
5306 5 1
4835 2 4
3340 5 1
2953 2 4
2780 3 5
5754 3 5
8744 1 3
1706 5 1
191 1 2
7696 4 1
8820 5 1
1644 1 3
2691 4 4
5203 5 3
854 4 2
6969 3 3
3509 3 2
9995 5 2
3123 1 5
5960 5 1
9322 5 3
5923 4 5
7119 5 5
1818 1 4
468 3 2
5360 4 3
8350 3 1
9484 3 2
9078 3 5
3511 3 5
6824 3 4
7157 4 2
2068 2 1
1026 3 5
2503 2 4
3428 4 3
1781 3 1
8892 2 1
6536 1 5
8257 2 3
3412 2 2
3095 2 2
5805 5 2
6005 1 1
7229 5 5
8979 1 1
3387 2 2
373 3 3
2840 1 4
315 4 4
1312 5 1
8220 2 5
187 5 4
5595 2 5
8182 3 2
8057 3 3
1687 4 4
6371 1 4
21 4 3
6531 2 3
5754 1 2
9580 1 4
8448 4 3
1584 2 2
7431 2 4
593 5 1
5251 1 1
9552 3 5
253 4 2
1996 2 1
3881 1 2
9318 5 5
9769 4 1
1823 3 2
6496 2 5
7244 4 1
4343 2 5
708 1 1
5045 2 2
7117 3 4
7940 2 5
9561 1 4
5411 4 2
9634 1 5
7489 4 2
1032 5 3
7107 3 4
7177 4 2
6970 2 3
5861 3 1
3512 2 3
7197 4 1
8004 4 5
4351 5 4
4274 2 3
1128 4 1
6924 4 3
6117 2 2
2874 3 1
9656 2 5
2482 2 1
4369 3 4
2114 5 3
6488 3 5
1166 2 1
9022 5 3
3987 3 3
6512 2 2
821 5 5
2289 4 1
5488 4 5
4002 4 1
4396 2 5
5327 2 1
73 1 4
1916 4 5
9556 2 4
4200 3 5
2998 5 2
9525 2 4
2261 4 2
5015 3 3
6524 1 2
9023 5 3
1252 4 3
1871 1 5
8985 3 2
1064 2 1
2871 3 2
5165 2 4
5219 1 5
7620 1 3
2400 3 1
2067 2 2
6176 1 4
1098 5 5
5640 5 4
9416 2 3
55 1 3
105 5 4
6632 4 4
3335 2 2
4146 3 4
4920 5 2
5331 2 1
1323 2 2
7454 1 3
2445 4 5
7610 4 1
9618 3 1
1243 1 5
6783 4 5
116 1 5
921 2 2
9396 5 1
3347 4 3
3822 5 4
9509 1 5
3563 3 4
4492 4 5
7006 5 5
338 5 1
901 5 3
3429 5 2
7258 1 3
971 4 2
8037 4 3
4674 5 3
5456 1 3
4001 5 3
2693 2 3
8974 1 5
6154 1 1
9499 1 4
5553 2 2
6391 4 5
4098 3 3
5576 1 2
56 5 1
251 2 2
3131 4 3
3626 1 2
7753 1 4
8917 4 1
7400 1 4
2734 1 2
1121 3 2
7679 1 3
5385 1 4
3210 3 3
5373 5 1
456 5 1
1865 2 3
2569 4 5
4730 5 4
1482 1 5
8763 1 3
6165 4 5
2765 1 2
6034 3 2
1068 2 4
6586 1 4
5977 2 4
4514 1 2
2407 1 5
5911 5 1
5615 5 4
9913 5 2
8274 2 3
1136 1 3
5970 2 4
8405 5 2
8713 5 5
3523 5 4
4968 3 5
7109 4 5
1839 5 4
3652 1 4
4961 4 1
3400 1 1
6694 5 1
5620 1 1
1737 3 2
2001 5 4
7733 4 2
7033 4 4
609 4 1
3263 1 5
8353 4 2
8947 2 3
1031 3 2
7149 2 2
2519 3 5
5862 4 3
9455 4 4
661 4 2
1864 3 2
4976 2 3
5892 2 5
6103 4 3
8414 3 2
5990 2 2
6467 2 4
5849 5 1
8507 3 3
2863 1 3
3083 3 3
7597 3 3
231 4 4
5800 5 4
8895 5 4
258 5 3
2061 3 4
3098 5 1
9491 5 4
442 3 3
7678 5 3
2536 2 4
4848 5 1
8121 4 2
6640 4 2
1639 2 4
8276 3 5
3892 2 1
5653 5 3
1646 1 3
3675 2 2
7493 5 1
3691 5 2
446 3 4
2068 2 2
654 4 4
4283 2 3
9686 5 5
4302 4 3
7826 2 5
9171 5 4
2131 4 5
7648 1 5
8812 3 5
4232 1 2
4979 3 1
7577 1 3
4764 1 5
242 4 2
3820 1 4
9289 5 2
5774 4 3
8733 2 2
9466 5 1
5667 5 2
2369 2 2
6810 5 1
6835 5 3
9365 2 4
9445 2 4
6496 5 3
3996 2 5
8687 4 3
1776 2 3
5914 5 2
7099 3 3
4732 2 4
5930 2 3
3940 3 2
351 2 5
166 5 1
365 2 3
7334 3 4
2030 3 1
9143 4 3
557 2 2
4844 2 5
9598 4 2
9139 1 2
6448 3 2
6860 2 4
1008 5 2
2862 5 2
7741 1 4
3664 4 1
7356 4 1
8362 2 3
7343 4 4
67 4 1
873 5 5
9380 2 4
7740 1 5
7912 5 4
403 3 1
4947 4 4
531 2 4
383 2 2
57 1 4
1761 4 1
1804 1 2
6300 2 3
6834 4 5
2046 4 1
9572 5 1
1754 5 5
5087 1 4
2144 3 5
5231 3 2
977 5 4
710 3 5
7826 3 2
9775 2 5
9768 1 1
3309 3 3
6238 1 3
6337 5 5
4021 5 1
5973 4 5
7346 1 3
2610 2 4
1514 4 1
1408 5 5
2408 3 1
8142 5 2
4296 5 3
4793 2 5
8928 3 3
6310 3 3
5139 2 4
7011 3 1
3078 5 4
6878 5 4
6819 5 1
2685 5 2
7057 4 5
6873 5 1
1089 1 4
2392 3 5
1076 3 3
9302 4 4
7133 4 5
5876 5 5
3051 1 1
8746 1 2
8048 2 3
5821 3 1
218 3 5
67 2 3
1735 2 5
190 4 2
1508 3 4
5200 4 3
5902 5 5
3177 2 2
370 5 4
9137 4 1
8711 1 5
8698 2 4
2383 2 1
8306 5 5
9415 1 3
5172 3 3
7077 5 1
8582 2 5
5197 3 5
239 4 5
6051 5 3
5553 3 2
8577 2 4
5499 5 5
2247 4 1
415 5 2
707 4 2
4894 4 3
9151 5 3
665 5 4
794 5 5
7227 2 4
6708 5 3
1983 4 2
5697 5 2
5991 3 2
4747 1 4
5011 1 1
5339 3 1
7764 5 5
8911 3 3
3699 1 4
4346 2 2
6292 5 5
8177 1 2
862 5 5
9916 4 4
5195 5 4
7179 2 1
6747 1 1
641 3 5
5773 2 3
6134 4 1
7866 5 1
3617 1 2
4379 4 5
4219 4 2
3410 4 3
6540 4 3
376 4 1
3879 1 3
4262 2 4
4401 2 3
5122 1 2
9896 1 3
3349 5 5
226 1 2
1983 2 1
9400 4 1
4325 5 3
1720 2 5
3208 5 2
2378 5 5
9109 5 2
2700 5 4
2198 2 3
7508 3 3
9662 2 2
2460 3 2
2846 5 2
5244 3 2
8037 5 3
4588 5 4
6106 2 4
5627 1 1
9269 5 5
5928 5 2
5918 2 2
1864 1 4
3520 5 3
9844 3 3
9775 4 3
7074 5 5
3364 5 4
5989 5 3
2370 4 3
2219 3 3
3678 3 2
3059 2 3
393 1 5
2351 2 4
292 4 3
7597 3 3
7754 5 4
4728 2 4
4937 3 4
669 2 4
3139 5 5
3433 1 3
8694 2 3
102 2 3
9707 4 4
6335 4 4
6970 3 2
4667 4 5
6749 1 2
9921 1 2
137 3 2
3770 2 4
8926 5 2
7939 5 3
6295 2 3
4929 3 2
1150 1 3
5208 5 4
8589 2 3
4019 5 1
4666 3 2
7611 5 4
6139 5 1
9944 4 4
6158 5 1
7519 2 2
6637 5 4
7549 4 2
1655 3 1
814 2 5
6116 4 3
2949 2 1
634 4 3
4033 4 2
3786 5 1
6785 5 4
9857 2 1
569 5 5
4280 4 1
7904 1 4
5339 3 5
5591 5 5
3408 1 5
8772 4 5
6752 4 4
6117 1 5
7985 4 3
6383 3 4
6906 2 2
5794 2 5
6291 5 5
679 2 3
8774 5 5
9496 1 1
7719 1 4
4641 4 5
6509 1 4
1873 5 3
4591 5 4
8085 4 5
3818 4 1
4515 3 4
539 5 2
8322 1 1
9775 5 4
9302 4 5
9023 3 4
8913 4 1
1281 4 1
8049 3 5
3455 4 3
2299 1 5
5688 4 1
8447 1 3
3065 5 2
4888 1 4
3064 1 2
9669 1 4
9301 1 5
9513 2 2
438 4 2
49 3 1
4786 2 4
6024 1 3
2659 4 1
5517 3 5
7413 3 3
4968 5 5
7555 1 1
7472 2 1
8940 1 4
1211 2 1
1449 1 3
76 4 1
9142 4 5
2784 1 4
4832 4 3
6395 3 2
1281 4 2
5361 4 1
4653 2 5
8979 2 4
3483 3 4
5444 3 1
3838 2 2
4383 1 3
1439 4 3
5814 4 4
9501 1 1
7704 5 2
4298 3 3
2088 1 4
4132 5 3
9395 2 4
8590 4 1
6044 4 4
3236 5 2
147 2 2
5447 1 3
9265 3 4
2177 4 3
6244 2 5
4649 3 1
1389 1 5
6505 5 2
4586 1 4
9622 3 1
8223 5 1
8851 1 4
4267 4 4
7109 3 4
9347 2 5
1958 5 4
2857 2 1
7537 4 4
9185 5 4
6193 2 5
7987 3 3
8292 4 5
2633 4 5
2854 4 3
1417 1 3
3172 1 5
7746 2 2
8449 5 1
4968 2 5
4952 4 5
9702 5 4
5635 2 1
7624 2 2
2974 2 5
6623 1 3
839 3 3
872 4 3
6000 4 1
7615 3 2
446 5 2
5935 1 3
7004 3 5
8802 1 5
5871 5 1
4472 5 5
6375 4 1
9965 3 1
176 1 3
1485 3 3
6234 1 1
904 5 1
7581 3 4
940 1 4
452 3 1
3050 5 1
9936 1 5
8668 3 3
5633 2 5
6183 3 2
2865 3 3
5387 3 2
3842 4 4
9877 1 4
4282 3 4
7445 2 3
8150 2 2
2073 3 1
8238 3 4
380 1 3
7563 2 4
7444 3 3
982 4 5
3237 4 3
7145 4 5
6444 1 5
1998 1 4
5208 4 4
617 2 1
6942 3 3
8997 3 5
9396 5 5
1340 2 1
712 1 3
5405 5 2
9331 1 5
1264 2 5
8195 2 4
7777 3 1
5565 4 1
2300 5 5
9748 2 2
6071 2 2
7012 2 4
8120 4 5
9625 5 3
5136 2 3
7698 5 2
9402 3 2
1290 3 1
6254 2 4
6691 3 3
386 4 3
5453 1 3
4469 5 1
5946 3 5
158 3 4
2139 1 1
7531 3 2
7108 2 5
7187 2 5
7199 2 4
2161 2 3
8743 3 1
9530 2 4
5788 1 3
2908 1 1
9934 1 5
5146 5 3
5932 2 5
5513 3 4
3587 3 3
7863 4 5
6122 4 3
3791 1 5
9387 1 1
5767 3 5
4566 2 2
7141 4 4
2089 3 4
4369 3 4
6213 4 4
7244 3 2
3459 5 2
8588 2 3
3188 3 3
6999 2 2
7099 1 1
6284 2 4
8667 4 4
8256 2 2
1371 2 1
4532 4 3
3762 2 2
2229 5 5
6331 1 5
4115 5 4
4271 2 2
7840 2 3
9942 3 3
9909 4 4
7177 5 5
5348 3 2
3174 5 1
9397 5 1
3828 1 4
7827 1 4
6414 5 1
7277 4 1
1801 2 3
8632 5 2
4797 3 4
7201 4 2
2480 1 1
6660 4 4
8892 5 2
8589 2 5
1170 5 5
3715 5 4
7441 2 5
8358 3 5
954 2 4
4444 4 2
8646 4 4
8757 2 4
7178 3 3
311 1 3
18 5 1
4946 2 5
9355 2 2
9645 4 3
6188 5 3
1331 1 1
1501 4 1
6749 3 3
8874 3 3
3731 1 5
4494 3 2
9584 2 2
1097 1 5
7285 5 4
3954 3 1
5362 1 5
482 2 4
3381 3 3
9055 2 5
2206 3 4
4847 4 3
3873 3 3
6461 2 1
3493 5 4
8295 1 2
8869 2 2
9055 2 5
7759 4 3
3525 2 1
3821 3 5
444 5 1
9992 1 3
9093 1 1
5764 4 5
8006 4 5
9838 5 1
9415 5 1
4458 2 2
7118 4 3
5159 4 2
1864 5 5
4219 3 4
3634 4 4
5218 2 2
2294 1 2
9788 3 5
5784 1 5
7862 1 4
2315 1 1
5949 4 1
3807 2 4
6760 5 1
9500 2 1
5539 3 5
6936 5 1
3096 5 4
5026 4 3
4096 5 1
7290 2 3
6947 5 1
114 1 3
4784 4 2
2560 4 2
3514 4 4
2274 1 3
1673 3 5
2458 4 1
2755 3 1
9488 2 1
5577 4 1
8344 3 1
7526 1 3
9300 2 4
1369 5 1
8059 2 5
9095 5 1
9748 2 2
1614 5 1
9530 5 4
3387 1 4
9560 5 4
55 4 5
2426 3 1
9016 2 3
363 2 5
6013 4 2
667 2 1
7429 4 4
8653 3 2
6774 2 5
5293 5 4
8368 2 2
4172 4 1
3533 4 1
7409 3 3
5339 4 2
289 5 3
3372 3 2
8004 4 4
2155 1 5
9909 2 1
3453 5 5
2930 5 1
6625 5 4
7979 5 1
3603 2 5
5374 1 3
9464 5 1
7225 5 5
6903 5 4
7761 2 2
3148 4 2
7618 5 3
1770 3 2
7808 1 3
9693 4 5
6497 3 4
8513 4 3
5216 2 3
4871 2 3
8423 4 3
4054 5 4
8962 4 4
6289 5 4
4873 2 5
5766 5 2
3482 4 1
2250 3 2
6433 5 5
6981 3 2
9246 1 3
8159 5 1
496 4 2
8088 1 5
8615 1 2
4834 3 1
2222 4 4
9458 3 5
2303 1 3
4459 1 4
7731 5 5
9397 5 5
4904 3 1
1190 3 1
3814 4 2
3048 1 5
8223 4 2
9650 3 1
4950 3 2
9719 4 2
7356 2 1
7994 3 2
7881 4 4
3082 3 3
4935 3 3
4511 3 5
6318 1 5
8595 2 5
6580 1 2
6345 4 3
9536 2 1
5207 5 4
2170 2 3
5739 5 3
1416 2 4
173 2 5
3112 4 3
9405 2 4
9537 3 3
3643 2 3
4532 3 4
4069 5 3
459 1 1
6299 1 2
4378 5 3
6357 2 1
5617 1 1
3273 2 4
4301 1 1
5123 1 4
3694 5 3
4631 2 1
4260 1 3
7057 3 2
5197 5 5
2487 2 1
5344 2 4
3913 1 1
6656 3 5
3752 4 2
5578 4 5
4191 5 4
835 5 5
4852 1 4
573 3 4
7611 3 4
6854 4 1
316 5 3
8955 4 3
6071 2 5
9669 3 1
396 5 2
6705 3 4
3590 3 3
5113 5 3
7229 1 3
2644 5 2
7187 3 4
3470 2 3
6422 3 4
3533 4 5
6969 3 3
9799 1 3
6693 2 2
6257 3 5
4108 5 4
2539 5 4
4757 4 4
8969 1 4
8089 3 3
2410 5 5
5129 2 5
3653 4 2
9881 3 5
8605 3 5
9829 2 5
3850 5 4
7789 2 4
7595 4 3
8369 5 2
7176 3 3
2276 5 4
4010 1 5
277 4 3
5064 5 2
7638 5 2
9225 2 3
5342 4 2
8755 5 2
6523 1 1
2721 2 1
8769 1 5
9315 4 5
6571 1 4
8075 1 1
9785 4 3
4113 4 2
1377 4 2
871 1 5
1349 4 3
701 2 2
2811 3 2
2066 3 3
5366 3 5
7539 3 2
6847 3 4
358 1 4
1748 1 2
8029 4 1
6046 3 3
8870 1 4
1393 2 2
3172 5 5
582 2 1
3112 2 4
9122 2 3
761 5 3
8637 3 1
551 3 5
4647 4 2
1287 4 5
8224 5 3
4057 1 5
8974 3 5
8908 2 1
6894 2 2
6003 4 4
2266 5 5
2588 2 2
5944 2 5
2056 2 5
3469 1 1
4877 2 2
1798 2 5
3911 1 1
4494 4 2
1708 1 4
1098 5 1
9700 3 3
6452 4 1
2550 2 2
7305 5 1
3815 1 2
6716 1 4
2218 4 3
6605 3 2
6395 5 3
4171 2 2
6075 1 3
6821 5 3
8608 5 2
7294 2 2
676 3 4
4522 5 3
2879 2 2
9107 3 2
3099 5 4
8988 1 4
9935 3 1
4476 5 1
9156 5 1
6903 2 5
4241 1 2
1257 3 3
9755 5 5
4952 1 4
3906 5 4
1178 5 2
847 5 3
9115 5 5
2255 2 4
8872 2 4
8625 5 5
7681 4 1
9910 4 2
3571 4 5
8634 2 5
5512 1 4
5175 1 1
9262 2 2
4948 5 4
8497 2 4
2795 5 4
6184 3 4
7403 4 2
9434 2 4
7124 2 1
2798 3 5
1875 2 3
3575 2 1
486 5 2
1345 2 4
138 1 1
2312 2 1
7067 5 3
8493 1 5
1829 4 4
812 5 4
1960 2 5
3947 4 5
3902 5 1
9009 4 2
1294 2 2
5312 1 4
459 4 5
2084 4 3
698 3 3
3873 3 4
6904 5 2
1125 4 3
5555 5 1
7470 4 1
1828 5 1
7123 3 1
9330 5 2
8782 5 2
4973 1 3
4371 1 2
4378 4 1
5281 1 2
1090 3 5
2736 1 1
9209 4 1
4849 4 1
9891 5 5
2573 2 1
3282 5 5
2581 5 1
5964 1 4
5558 3 2
4074 5 1
8088 2 1
8207 3 3
3048 2 2
1754 1 4
4979 3 3
1776 3 2
8238 4 1
253 4 4
2348 2 3
823 2 5
7182 1 3
1338 2 1
9858 1 1
3124 2 3
9437 2 2
2492 3 2
6806 4 1
6735 1 5
9603 3 2
6329 5 3
9015 2 1
4466 5 2
7381 5 3
8094 3 1
6947 3 3
1188 3 4
5307 4 3
7824 3 3
5587 5 4
6827 5 3
1390 2 1
9487 4 5
5704 2 4
1456 4 2
4231 5 5
6082 2 3
2099 1 1
7854 5 3
5867 3 3
6356 3 4
8582 5 1
9614 2 3
2972 1 1
7909 1 5
3597 4 1
139 5 2
3640 2 5
8407 2 1
3308 2 3
7781 3 3
8481 4 5
1156 2 4
3086 4 4
2672 1 3
699 2 4
6318 2 5
1971 1 1
1136 2 1
2570 5 1
1770 1 1
5436 4 5
6746 2 4
7323 1 2
2172 1 2
8887 4 1
3912 4 4
942 2 2
7462 2 3
1475 2 2
3379 5 2
7644 5 3
9277 3 5
934 2 5
7279 3 3
9221 2 1
874 3 3
4871 4 4
5900 3 1
2422 1 2
3999 5 1
8687 3 5
1380 1 5
5451 1 2
5 4 5
1468 2 1
1426 2 4
7543 3 3
9365 5 4
3850 3 4
7392 2 2
4207 2 5
1718 2 4
3677 1 1
1682 4 1
3873 3 4
2612 1 1
5386 2 1
3370 2 5
7917 2 2
6334 4 1
7406 3 5
8140 3 5
4395 1 4
9984 5 3
8307 4 2
9271 4 2
5319 5 4
2112 2 1
3580 3 4
491 2 4
142 4 5
9749 4 2
1699 1 4
1472 4 5
7922 2 5
7221 2 4
8072 4 2
6095 3 2
9288 4 2
8507 2 3
1930 4 5
5656 2 4
2554 1 4
1090 1 5
7139 3 1
2465 2 5
4833 3 3
5154 2 5
1613 2 2
3974 1 5
634 5 5
86 3 3
1941 1 1
474 4 4
9248 2 2
1376 5 3
6098 2 2
5590 4 1
4281 5 3
3850 3 5
2161 2 4
7762 1 1
4555 4 2
8538 3 3
6996 2 4
2117 3 4
2472 3 2
2013 5 1
3906 2 3
8115 2 4
6868 5 1
7112 2 4
6105 5 1
4697 4 3
2752 4 5
5077 5 2
1712 4 3
7050 2 5
1589 3 1
735 4 2
4547 3 2
2779 1 2
8889 4 3
6376 1 1
6629 5 3
9794 2 5
7055 2 4
9082 1 3
374 3 1
2185 3 1
4104 2 2
8483 1 3
9802 5 2
5889 2 3
3069 1 4
7759 4 3
8742 3 1
3766 2 3
1624 2 5
4358 2 3
713 2 3
9104 3 1
9953 2 5
9170 3 4
9848 2 2
4362 4 4
1954 3 4
3367 1 4
2073 1 1
367 5 4
7755 4 3
5812 5 5
4250 5 2
4250 5 5
7032 2 2
7015 1 2
2515 1 2
5320 1 4
6028 3 3
9752 4 2
4765 4 4
2654 4 5
7503 3 3
6183 4 3
9606 3 3
8935 5 3
3552 5 1
3822 1 1
4334 2 5
897 3 2
1437 3 2
3858 1 3
6623 2 5
9543 2 4
9933 5 4
7993 2 5
2990 5 5
7036 3 1
5564 4 1
1223 5 1
9052 3 4
9987 4 4
7916 5 4
3523 2 5
9565 1 4
9556 2 2
8387 4 3
9301 4 3
1653 3 3
2418 3 2
1004 1 2
227 2 2
799 3 1
9521 1 2
7907 4 2
3510 4 1
899 1 1
5689 5 3
1842 5 1
1580 1 1
5042 5 1
6839 2 5
9205 2 3
9833 1 4
2436 1 4
8897 1 2
1044 3 3
3480 4 5
2740 2 4
9723 4 3
1333 3 5
5617 3 4
6329 2 5
9848 5 1
3729 3 4
9264 5 1
6891 4 1
9675 2 3
2210 1 4
6633 2 5
2907 2 2
4507 5 1
2644 1 3
3080 2 2
5988 2 1
2145 5 4
7789 2 3
4372 1 4
44 4 5
702 4 2
8835 4 5
8902 1 4
2885 5 1
8554 1 3
7931 3 4
578 1 4
1082 5 4
4591 2 5
262 2 4
8296 2 3
6056 5 4
220 2 4
3692 4 3
9525 4 3
515 2 4
8392 5 1
8687 1 5
4657 5 4
7226 4 1
7286 5 5
4391 1 2
7421 1 2
9334 3 2
8848 4 2
1078 5 5
2611 2 3
3425 2 1
4902 4 3
9263 4 1
209 4 2
2357 4 5
3222 4 1
3118 4 1
2917 3 5
1178 5 5
4334 5 2
2328 2 5
4968 5 4
6877 4 3
9752 4 2
5657 3 1
6591 3 4
4882 3 4
5915 1 4
1468 4 1
1190 4 4
1360 3 4
5695 4 3
3619 5 5
269 5 3
57 4 3
986 4 2
2387 1 5
5314 3 2
6340 3 2
9522 1 5
2583 2 3
9428 3 5
4423 5 3
8350 2 1
2964 5 2
2713 5 5
5507 5 1
4633 2 3
6099 5 4
2702 5 1
4465 5 1
5480 1 5
5414 5 5
8856 4 4
2239 3 3
3578 2 5
7872 5 2
1568 3 3
2389 4 2
4781 1 4
8536 3 4
9466 4 1
5135 2 2
8166 5 2
2196 2 3
5847 1 3
9172 4 5
9371 2 5
596 1 1
3715 4 4
8748 1 1
9279 4 5
5049 3 1
1091 5 4
2119 3 2
7747 3 4
9658 5 5
7034 5 2
4814 4 4
8433 4 3
9254 2 4
2993 1 3
6733 5 2
5463 1 1
2643 3 1
3499 1 5
4077 3 4
3403 4 1
882 3 3
2445 2 1
2382 3 1
7684 3 1
7375 3 3
624 2 5
6861 1 4
9857 5 2
5203 1 1
6580 4 2
2964 3 3
2136 2 3
9238 2 1
439 4 1
2438 3 4
9162 4 1
4664 1 2
1377 5 2
9388 1 3
1150 2 3
2922 3 3
7854 4 3
9375 5 2
2260 1 5
6822 5 5
1706 1 2
8511 5 2
4637 5 3
8796 5 5
413 5 2
3721 3 3
829 4 1
6161 3 5
5488 4 1
1012 5 2
3298 5 3
1626 1 4
2623 1 5
3225 1 3
3149 2 1
5065 4 4
1280 2 2
3002 5 1
1588 2 2
6482 3 1
7685 2 4
4835 2 5
9383 5 4
5084 2 3
5894 3 5
5008 4 2
3508 1 3
5139 1 1
2516 5 5
9469 3 3
408 4 4
7211 2 4
530 3 5
6478 1 1
4900 1 5
3360 5 3
6251 4 3
3363 2 5
2569 3 2
5089 2 2
1829 4 3
7609 2 3
1615 3 4
5012 5 1
7485 2 1
9943 5 2
2452 2 4
4832 2 5
4349 5 2
6736 4 5
8948 1 2
5174 5 4
4245 5 1
2568 4 5
3888 5 1
9397 3 4
7844 5 4
226 2 1
650 4 4
7271 3 5
9376 3 3
3387 5 2
5722 1 5
5699 3 1
8935 4 2
5266 1 3
6846 1 3
8902 2 4
1794 1 5
1323 3 3
6116 4 1
541 4 2
9504 3 4
9380 3 3
9505 5 4
9280 5 3
5865 2 1
5066 5 2
8362 2 3
6084 1 3
5951 1 5
246 1 5
3004 1 3
1213 5 4
4112 1 5
5954 4 3
5916 1 5
9006 3 4
3467 5 1
4167 1 2
1017 2 3
8674 5 1
6434 5 5
524 3 3
2075 1 3
8677 5 1
2620 2 4
3247 4 3
4153 1 5
4890 4 2
9144 3 5
4391 2 1
1804 4 4
3908 2 2
8821 1 3
399 5 1
2356 2 2
9457 2 3
7456 3 5
2732 2 2
4477 5 3
5952 5 2
2480 3 5
5649 5 1
9660 4 5
3789 3 2
7170 2 4
7451 5 3
2041 2 4
2737 3 4
3686 4 3
1537 3 1
7789 5 3
1876 5 1
2892 3 5
6712 5 5
1471 4 2
6230 2 2
607 5 2
9942 3 1
2228 2 2
7765 4 2
1781 3 4
4751 5 5
5415 5 3
2667 1 5
5337 5 3
455 1 4
3095 1 4
1421 3 3
1465 1 3
3400 4 2
8745 5 4
6195 1 3
6259 1 5
3835 5 1
8154 1 1
3578 5 4
3489 2 4
4928 4 5
6378 4 5
9720 4 3
4656 3 4
8618 3 4
750 1 5
5651 3 1
1299 4 4
4785 3 2
5617 5 4
6469 2 5
1797 4 2
2264 5 3
7747 2 4
1107 5 2
5570 3 2
2054 3 2
2438 3 4
8009 5 4
5896 4 2
6688 4 3
4933 5 5
9193 1 4
7609 4 3
6180 4 1
4753 2 4
8878 4 2
3902 3 5
3657 4 5
3558 1 4
2686 2 4
3288 5 1
3660 3 3
3059 1 5
2146 4 5
3920 5 4
9927 4 4
7025 5 4
8901 5 5
3034 4 3
7175 3 1
525 3 1
1705 2 3
9396 4 4
5489 5 5
5994 3 1
1224 1 5
8852 4 3
6187 4 1
1630 1 1
9924 5 5
8652 5 3
8881 3 4
4921 1 1
2891 2 2
8675 1 3
55 3 5
3995 2 1
8341 1 2
7354 5 5
4913 3 4
2646 4 3
471 5 2
1613 3 1
7819 2 4
3398 4 4
2165 2 4
1676 1 1
8263 1 1
9396 3 1
3074 3 2
8008 2 5
2788 1 5
7965 1 1
6179 2 3
8128 4 3
1287 3 3
1838 1 1
49 1 2
3272 4 1
80 1 3
7277 1 2
7588 1 2
2757 1 1
6405 2 4
798 3 2
2016 4 5
8143 3 5
1084 1 4
7421 1 4
9162 4 5
8051 3 1
5483 3 2
1611 3 3
7401 5 2
8558 2 3
835 4 4
9632 3 1
6730 5 2
4256 3 4
3507 4 3
2969 1 3
6080 1 4
249 1 1
8476 3 4
2156 4 3
3143 2 3
1649 5 5
6749 3 2
9757 3 2
2285 4 5
855 5 3
1057 2 5
924 4 4
1318 3 4
739 3 1
6636 1 2
6803 4 1
3880 5 5
7259 3 2
858 5 5
1676 1 5
9402 1 5
5437 3 5
1184 5 2
9265 2 1
3858 4 1
9461 4 1
3769 5 4
3620 1 3
8317 3 2
1937 5 1
7989 4 4
7394 3 1
7738 4 5
311 1 1
9094 2 1
2567 1 4
1402 1 2
8464 1 4
9885 5 2
4324 3 4
30 2 5
7218 2 3
8608 3 1
3475 1 4
2390 1 1
7267 5 3
354 5 2
1400 2 4
4378 1 3
808 4 3
3686 4 2
1741 4 1
5808 5 1
9042 4 1
3189 1 5
8069 5 5
9014 5 1
970 1 1
5662 3 3
8246 5 5
5810 3 3
6977 3 2
6794 1 5
8154 2 3
9472 1 3
5036 4 3
8458 4 4
2803 4 4
1002 5 5
3830 1 3
288 5 3
320 3 1
6858 3 3
2267 2 4
3946 2 2
5955 1 5
1367 3 5
8962 3 3
4316 4 5
9381 4 3
2066 3 4
5250 2 5
9556 2 2
5265 3 2
7559 3 3
2894 3 4
8191 1 4
532 4 1
2104 5 5
7060 4 2
7813 2 3
7810 3 1
6555 2 2
4827 5 4
8788 1 5
8492 1 1
2362 5 3
2781 3 2
6992 2 4
4255 3 5
4116 4 3
8746 3 3
1852 5 1
4145 3 4
8040 1 4
6406 5 1
1937 4 3
9416 3 1
6864 1 3
1083 1 4
9593 3 1
3850 3 2
9780 4 3
5466 2 5
3652 2 5
3826 3 2
4112 1 3
3532 1 4
3338 1 1
3365 1 2
9925 2 4
8437 3 4
9055 5 2
6083 4 5
5921 4 3
9677 2 3
159 1 3
9633 4 4
6549 5 2
890 5 1
1591 2 2
4991 1 1
1381 5 5
2174 2 5
8220 1 3
3461 1 1
7125 3 1
3907 2 2
5137 3 1
9158 3 5
7722 1 3
7042 1 2
2277 3 5
5487 5 1
4667 1 3
1259 4 5
521 1 4
6607 1 4
4704 2 4
3441 2 2
1729 5 3
2084 2 3
3366 1 3
1663 4 3
848 3 4
334 4 5
39 3 3
6201 2 2
8102 5 3
5842 1 3
4801 1 3
4368 2 2
8282 3 5
7598 4 2
451 5 5
2137 5 5
9169 1 5
6026 5 3
4551 1 2
3616 1 2
2284 4 4
395 3 2
8486 3 4
1303 5 5
937 1 3
9953 5 2
539 2 3
8397 1 5
1414 1 1
6347 5 5
7631 2 1
6383 2 1
2639 4 4
6176 5 4
2949 2 4
6545 4 5
7123 5 5
3043 3 3
5957 3 3
1037 5 5
2220 3 2
3561 2 5
7206 4 5
4201 5 4
8989 2 2
1561 3 4
1561 5 3
2125 4 4
1697 5 1
2157 2 5
1680 2 4
595 2 3
3317 1 1
1614 5 4
5997 1 3
4392 5 5
4990 4 3
2732 2 4
7817 2 2
8037 2 3
9701 1 5
8587 4 5
6106 3 4
6323 2 5
8185 1 3
3650 5 2
2843 1 4
1794 4 3
2541 1 5
3223 3 1
5720 3 3
1410 4 2
2053 1 1
503 2 4
706 1 4
6053 2 4
405 1 1
8291 2 4
9655 3 1
6865 2 3
4693 4 3
9062 2 3
1941 4 5
6085 3 1
3560 5 1
5254 3 5
2761 4 1
2223 5 3
409 5 1
3066 4 3
8891 4 1
2334 3 4
8926 3 3
8962 4 4
2872 2 5
3461 1 2
3906 1 1
9230 5 4
3769 2 2
3643 4 5
589 1 1
2008 4 5
4102 4 4
8601 3 2
9826 5 3
1527 2 2
7808 5 4
5670 4 1
9549 2 2
5325 5 4
1093 5 3
287 5 3
2859 1 2
7396 4 4
3187 1 1
1148 1 2
9583 3 5
7056 2 3
8052 5 4
4037 4 1
7801 1 4
4453 1 5
2115 5 5
8600 3 1
6923 1 4
8579 2 5
3031 4 3
7375 4 1
2342 1 4
3517 1 5
7582 3 3
1237 5 2
3635 2 3
9982 4 3
4535 2 2
4494 3 1
1611 1 2
8740 4 3
727 4 1
5779 5 4
7800 4 3
4261 1 5
5530 5 5
3391 5 3
7414 5 2
7116 2 5
5378 1 5
3012 3 2
5287 1 2
4622 5 2
7808 3 3
7866 3 2
1862 2 1
6415 3 1
140 4 2
6880 1 1
8794 3 1
6932 5 2
4455 1 5
5624 1 4
7689 5 3
5749 4 1
2293 1 1
4281 4 3
9515 1 2
9406 2 4
9589 2 5
8640 4 3
2328 4 2
6682 4 4
9337 5 3
6406 3 4
7019 4 3
8924 1 2
1246 2 4
5364 4 5
4146 5 2
9861 5 2
6067 2 2
9014 1 1
5422 2 3
5320 5 3
7971 2 3
360 1 3
1004 1 3
3919 1 1
2095 1 3
4900 2 1
7222 2 3
1671 3 4
626 4 2
1343 5 3
1638 4 5
6216 5 3
2985 3 5
7950 2 4
6370 1 3
6246 3 3
4838 3 3
2114 5 2
2812 1 1
11 5 2
4700 3 2
1925 2 5
5644 3 2
9666 4 4
8806 1 5
9591 2 5
5360 5 3
9250 4 5
3966 4 3
3551 3 3
4351 3 4
145 1 5
8681 5 3
8905 3 5
2344 4 1
4239 1 4
3280 1 1
7756 1 3
3811 5 3
4839 5 5
6611 3 1
6840 2 2
4355 3 4
4774 5 5
5045 3 4
9906 2 2
9929 2 2
4460 5 5
5806 3 5
3438 4 3
8951 4 4
2408 2 4
2387 5 4
192 1 1
6901 5 2
1122 1 4
1302 1 5
8141 4 1
2547 2 2
8295 2 3
1163 5 4
9928 5 2
326 3 4
782 1 2
1573 2 1
9004 4 5
1822 2 3
1700 1 1
4273 4 1
3581 2 1
6093 5 4
4956 3 5
8079 5 2
79 1 3
8288 2 2
1892 2 4
5405 2 4
7969 5 5
8846 2 4
3373 5 5
9792 3 3
4349 1 5
1483 2 5
9553 1 5
8031 1 4
2784 2 1
8521 5 4
111 4 5
2070 2 4
1467 2 4
6394 2 4
8956 4 5
8671 5 1
1150 3 1
788 1 4
6961 5 4
7675 3 1
4558 3 4
4685 5 1
7903 5 1
951 3 2
6245 5 4
2532 5 2
3586 1 3
3957 5 5
1659 2 4
6368 5 4
1920 3 4
6161 3 2
3957 2 2
976 2 1
5537 4 3
2379 4 3
769 3 2
6935 4 2
2785 2 3
7256 3 5
7383 2 3
6576 4 5
4651 3 4
1228 5 1
6909 2 2
5014 4 2
7518 4 3
505 2 3
813 4 2
5906 5 1
3729 2 5
5913 1 5
1139 2 4
7209 4 2
6260 1 5
949 4 4
4121 2 5
387 4 3
3890 3 5
220 2 1
7594 2 3
8550 2 5
9031 4 1
9761 3 3
9870 1 5
8691 5 3
8822 1 2
2335 2 3
4958 4 3
7127 4 4
8959 4 1
8789 5 4
2695 1 4
8039 1 5
9104 5 4
4872 3 4
2021 5 5
5152 3 4
2850 3 4
8937 1 5
6218 1 5
6821 4 3
7629 2 1
8186 3 5
6288 3 3
5817 4 1
8779 5 3
1293 5 1
7088 3 2
667 3 3
7884 3 5
4709 1 4
3133 4 2
6398 5 4
1031 2 1
3896 5 4
4265 3 5
6593 3 5
3499 2 5
5993 2 5
1229 1 4
8989 5 3
9062 2 3
5534 4 1
8925 1 2
6445 4 2
5109 2 2
9934 2 2
9764 3 2
313 2 4
2392 5 4
3904 1 2
227 2 5
1086 1 3
2214 1 5
6144 2 1
3625 2 5
9564 3 2
5310 5 4
6842 5 1
7940 3 3
5369 3 4
779 3 5
2184 1 1
8783 5 4
2513 4 1
871 4 2
125 4 5
437 4 1
3739 2 3
9617 3 5
5169 1 3
3476 5 1
1853 4 4
8329 3 3
3940 1 5
7818 4 4
2739 3 1
1640 3 1
5326 1 4
5023 2 3
329 5 1
4649 2 5
7702 4 4
7680 3 1
1283 1 1
8014 4 3
655 4 1
9345 5 4
3456 5 5
5477 4 4
5751 1 3
8971 2 2
3150 1 2
2705 1 2
9205 2 3
931 3 1
1832 1 2
1600 1 1
187 2 4
2609 3 2
3158 3 1
6210 5 3
3845 3 5
6657 4 2
4170 1 2
141 2 4
9984 5 2
5605 3 4
3723 4 5
9417 4 2
4179 3 1
3994 2 3
8145 5 2
1716 5 2
3283 2 4
7921 2 3
4372 1 5
4098 2 1
2585 2 5
2807 4 2
8033 3 4
6804 5 3
5376 1 1
4352 1 4
926 3 2
1111 3 3
7218 1 4
9008 3 3
4327 3 2
9212 4 4
7298 2 5
1256 4 2
4932 2 3
5237 5 4
1565 1 5
2333 2 1
8311 1 4
4445 4 5
4249 4 4
1641 5 5
2706 2 2
4671 5 5
4939 2 2
6875 3 3
21 2 5
4715 5 1
3381 5 2
9785 5 1
2470 1 4
4637 4 1
809 3 5
1573 1 5
768 5 2
6956 1 2
932 2 5
6947 3 3
6971 5 3
7878 5 2
7920 2 3
9866 3 3
1883 1 2
9321 3 3
8159 4 5
5473 1 1
5321 3 4
508 3 3
5347 4 3
2799 4 1
8560 1 4
5076 4 5
4529 5 5
519 4 3
6186 1 2
7900 3 3
1897 2 4
9927 2 5
8310 5 3
2347 5 4
2518 2 3
5436 4 1
9443 5 4
4907 5 3
8811 5 3
5462 2 3
7824 4 1
3574 4 4
8476 3 5
2370 3 5
2830 2 5
9757 5 4
4575 2 4
269 4 2
386 1 3
9478 2 1
5547 5 4
7971 1 2
4508 4 5
6989 4 1
6866 4 1
3982 2 3
4129 2 5
9891 1 5
665 2 3
8754 5 1
7783 1 4
5753 3 2
2173 3 4
1505 3 4
5590 4 3
9413 2 1
8107 4 3
2015 5 4
4677 2 3
5657 2 3
6425 3 1
1728 4 3
1648 5 1
4125 2 2
7780 3 1
5293 4 5
2589 3 1
2956 5 5
134 1 1
3931 2 5
2350 3 4
4348 5 2
4209 2 3
8478 1 3
7198 5 1
1278 5 5
7296 1 3
1565 2 2
1525 2 2
5389 4 1
898 4 1
2326 5 3
260 5 4
2115 5 1
8122 4 2
9321 4 2
7155 1 2
7690 3 3
7150 3 4
9697 2 3
1027 2 3
443 4 4
9991 2 3
3925 2 3
7427 5 1
2463 3 1
1911 2 1
5524 5 5
6333 3 2
5670 5 3
2279 1 1
8157 4 5
8593 5 3
8661 3 4
2146 2 3
1025 2 1
7868 5 4
2488 1 4
8578 2 4
5852 2 3
7485 5 4
1746 5 2
1777 4 2
9470 3 2
2976 3 3
1015 2 3
509 1 4
5242 3 2
5741 1 3
9307 3 2
248 4 5
6098 4 5
7236 2 5
9440 1 1
312 2 4
5554 4 4
4717 2 2
4659 3 2
1610 3 5
2701 1 3
5146 3 1
1285 4 3
8951 3 5
7615 2 5
6288 5 3
271 1 5
4077 2 2
7739 2 3
7338 1 1
6129 4 2
8806 2 2
4665 1 1
2027 1 1
486 5 2
8056 1 2
2530 4 5
5905 3 4
6456 4 1
2756 2 5
3576 4 1
6460 3 4
7901 2 5
9397 3 2
2469 3 5
4944 1 5
820 5 3
1513 5 3
716 2 5
9012 5 2
1365 2 5
2521 4 2
3581 3 5
6712 3 1
3434 2 1
6831 2 1
7558 3 5
4647 3 3
1267 3 1
6825 1 5
6797 4 3
3832 4 2
4685 1 1
1609 3 5
2268 5 4
8076 4 2
3639 3 3
4619 5 3
6324 2 1
7637 5 2
6465 1 4
3520 1 2
2112 4 4
6967 5 5
6838 1 1
5719 5 3
9620 5 2
2759 3 2
2832 5 1
258 1 4
9396 4 3
3999 2 3
6044 5 5
4103 5 4
1553 1 4
5061 2 1
8292 1 2
3920 5 4
8204 2 5
6122 2 4
4682 3 5
968 2 4
1093 2 1
8887 5 2
4076 1 1
102 4 3
2928 1 1
2510 2 2
9280 4 3
3374 4 1
7039 1 5
7375 2 1
7996 3 3
7141 1 4
8994 3 4
7458 3 2
3686 3 1
5523 5 1
8260 3 4
3010 3 2
2489 3 1
7123 5 1
4708 4 3
9020 4 4
6521 2 4
8701 1 2
608 1 4
9397 1 5
8427 5 4
1921 4 4
3850 2 1
9599 2 3
4131 5 1
9898 3 1
4591 2 4
7965 1 5
9287 5 5
9213 1 1
4128 2 5
7626 3 1
9144 4 5
7665 5 2
5795 1 3
9727 1 1
269 3 4
2890 5 2
6293 2 2
6596 4 4
8780 5 5
8726 1 1
685 4 4
5751 5 2
2564 3 1
1289 4 4
3244 1 2
9810 2 3
3712 4 4
9188 4 5
6856 1 4
7881 3 2
4145 1 1
9431 2 5
9837 3 1
364 1 4
5800 1 5
3295 2 2
2036 3 3
5965 5 4
9501 2 3
9134 3 3
9296 5 5
3869 5 2
5678 5 4
2993 4 1
2649 3 2
7280 4 2
8908 1 5
333 4 1
2912 2 4
2111 2 4
4685 1 1
7894 2 5
238 2 5
636 1 2
5452 5 2
7562 5 5
4696 5 5
9242 1 1
9789 3 2
4017 4 4
1164 1 5
7974 2 1
9828 4 3
3022 5 4
7916 4 1
8086 3 4
6755 3 4
7872 1 4
5000 1 5
6211 2 4
9572 5 3
3211 4 3
7066 5 2
9600 1 3
1158 2 4
4511 2 4
2516 5 4
73 1 5
5357 1 1
9060 5 4
9933 4 1
5481 3 3
8981 1 4
9955 1 4
4060 3 2
9811 1 2
3720 5 2
2203 2 1
4030 3 1
6149 5 5
8252 2 5
9917 4 4
4388 5 2
2688 2 3
9235 5 4
4761 1 5
3106 5 2
24 1 1
6116 1 4
9485 3 4
7221 3 1
8776 3 4
8596 1 2
7927 5 4
1264 5 4
880 1 2
2180 4 5
6361 1 3
3351 5 4
4822 4 1
1368 2 1
9996 5 4
7356 5 3
3634 5 3
9197 2 2
168 5 3
3042 1 3
9553 2 5
7860 1 4
3157 2 2
429 1 4
5692 1 2
1845 3 3
7521 5 4
1497 2 3
9721 1 3
8003 1 4
7468 4 2
3806 1 2
4397 3 2
323 2 1
1945 1 3
1324 1 3
4025 4 2
1561 1 5
3460 5 1
2740 3 3
6482 2 1
5301 1 5
2680 2 5
7010 5 3
2114 1 5
5897 5 3
9097 3 3
7167 2 2
9567 4 4
2313 3 1
1630 4 1
2231 3 4
7191 4 1
5499 2 1
1578 4 3
2375 4 5
7199 3 1
8066 1 4
8732 2 5
9269 1 4
8164 1 4
8904 2 4
5116 5 4
8771 4 3
2532 1 2
3244 3 4
9525 5 3
7624 3 4
4264 3 4
719 5 5
286 2 2
5445 3 3
9611 1 5
6150 5 2
7669 2 3
7063 4 2
3958 5 5
409 2 1
9917 2 5
1045 4 4
3239 1 5
4212 5 5
5342 4 4
6440 3 5
9859 2 5
6886 4 5
7872 1 3
9873 5 2
2453 5 5
6163 2 4
515 1 4
1015 1 1
6950 2 4
4188 5 4
9116 2 3
1516 2 3
8468 5 1
8749 2 2
6925 5 1
9097 1 4
9529 5 1
9974 1 2
1691 1 5
8254 5 4
1183 3 3
8720 2 5
5325 5 2
9918 1 3
712 4 4
2451 2 4
8036 1 1
2945 2 3
3840 1 4
1429 3 1
446 1 1
4674 1 2
2275 3 4
4103 1 1
741 1 1
6729 4 5
4749 2 3
5770 4 5
5948 5 5
8245 3 3
631 1 1
9960 5 5
8706 1 4
3201 1 5
4968 5 4
988 1 4
4928 5 4
6927 3 3
4066 5 4
6553 1 5
5955 4 5
9414 4 5
2156 5 4
2451 4 1
2094 2 2
508 1 4
3590 4 4
3771 4 5
3457 3 5
7070 2 5
7363 4 4
8391 5 5
5405 3 4
5296 4 3
9025 1 5
5040 4 5
987 4 2
9380 1 3
1044 1 4
5955 2 3
4958 3 3
1216 5 4
1723 3 1
167 4 2
6923 2 3
5358 1 5
6437 5 2
8190 4 3
5992 2 1
1820 2 1
492 1 5
2499 3 1
6115 3 2
1655 3 4
9538 5 3
4644 5 5
9562 3 3
4885 3 5
1520 3 3
6174 5 1
1389 1 2
4919 3 4
3017 1 1
9816 3 4
5683 3 1
6401 5 2
300 4 2
772 3 4
5684 4 5
3298 1 2
4229 4 4
9963 1 4
2428 1 5
3817 2 3
4812 5 4
497 1 4
4138 2 5
7499 3 1
8600 2 4
4759 3 5
7933 4 1
9595 5 2
6382 4 5
2426 3 2
40 5 4
2145 4 3
3178 2 3
1726 2 1
3859 4 5
3624 4 2
3543 3 1
6709 4 4
5542 3 2
7789 5 5
2383 3 5
4813 4 2
9762 2 4
9934 2 4
6777 3 2
4072 5 2
688 2 4
5007 3 2
2037 5 2
6585 4 3
1986 2 3
709 3 5
7726 3 3
4876 3 5
1535 1 2
8317 3 5
6359 4 1
3786 1 5
9031 2 3
7960 3 1
1920 2 2
5301 3 3
8796 1 4
2869 5 2
9136 1 3
976 5 5
9729 2 3
5531 4 1
1540 5 2
9285 5 3
9516 4 4
265 2 4
5314 2 5
7507 3 1
3926 3 4
8146 1 1
7678 2 2
4510 2 1
7473 1 4
811 5 1
7391 5 1
3628 2 2
3592 5 2
8138 4 1
9821 3 3
1742 2 4
6375 4 1
9669 2 3
4851 2 4
3346 2 4
7284 5 4
6893 2 3
158 2 2
7929 5 2
4828 1 4
4219 2 3
2560 3 1
2366 5 4
8015 4 2
1328 3 1
1793 2 2
1318 2 4
9696 5 3
8566 4 4
7563 5 5
6067 2 1
4146 2 5
8064 2 5
8390 1 3
3627 3 2
7365 5 4
6727 4 1
1002 1 3
8717 2 3
5252 3 2
5668 2 3
364 1 4
4374 2 4
3456 3 4
9428 2 4
3367 3 4
305 2 2
7072 2 2
9547 3 4
7043 5 2
1133 1 4
3735 2 2
8604 4 5
9719 2 1
3279 2 1
8317 5 1
2401 1 5
770 2 5
2420 2 3
4503 2 1
7558 5 1
4307 5 3
7772 5 2
7957 1 3
8828 2 2
2887 2 1
2810 2 5
1920 3 4
7690 3 3
1312 2 3
6878 1 4
1324 2 2
4879 3 2
4962 5 3
1451 2 2
4318 5 4
6335 4 3
8905 2 3
8613 3 4
2546 1 2
1591 4 1
1996 3 3
3981 1 2
4036 3 1
708 5 2
1182 5 5
9352 2 5
4147 5 2
7186 4 3
5675 1 5
8573 5 5
1454 2 3
8482 3 4
5220 4 2
5793 4 4
8333 1 2
6436 4 5
4501 2 1
4999 4 2
6075 4 2
3039 4 5
9611 4 3
7702 5 3
7753 1 2
3969 1 5
5933 4 4
1503 5 1
9536 2 3
9443 4 2
386 2 1
746 1 1
5051 1 4
8447 2 3
1620 1 2
1922 2 4
3346 5 3
2890 1 3
8944 3 5
8137 5 3
7050 3 5
2542 3 1
8661 4 3
7558 3 5
3877 1 2
1198 4 3
1402 4 2
7493 3 4
7775 3 4
9803 3 3
9483 4 1
125 5 3
3751 4 2
328 2 4
4044 4 4
9620 4 2
9606 3 4
2592 4 1
3261 2 5
6046 2 2
7983 4 4
7172 3 5
5426 1 5
5460 1 5
9407 1 4
6494 1 5
5610 2 3
5006 2 2
8 3 2
8409 3 5
6087 5 1
9905 1 2
8098 2 4
3650 2 2
9102 5 3
4822 3 4
8165 1 1
9177 5 3
4297 3 2
8412 5 3
2862 2 5
5202 2 3
6565 3 1
7870 5 5
3673 2 1
616 5 1
9140 4 5
9178 3 2
1753 4 4
336 4 2
7834 1 4
3008 1 4
1365 5 4
2729 5 1
8792 4 3
8292 2 2
4969 3 4
8888 2 1
8102 2 4
2794 2 4
1896 4 4
6117 5 3
34 1 2
6598 2 2
9358 1 5
9541 3 1
2591 3 3
6410 4 3
8617 3 3
3165 1 2
8865 5 2
9072 1 4
6537 1 5
7677 1 4
6352 5 2
4905 1 4
1155 5 3
9456 4 3
2739 1 5
6554 2 2
7611 3 1
681 2 5
4155 1 4
4472 3 1
7277 4 2
1602 4 5
1582 4 3
4457 3 1
8681 3 2
2610 4 5
2920 5 4
4930 1 1
3567 5 3
4273 5 2
2976 3 5
122 1 5
1121 4 1
1884 3 1
8470 4 4
5348 5 4
6032 1 4
8844 3 2
9817 3 3
319 4 4
1774 3 3
3366 2 2
4902 3 5
4427 5 2
60 5 1
2653 4 5
6621 5 5
9819 2 5
7229 3 3
2253 5 3
3717 3 5
9374 3 2
1482 4 1
2767 1 5
7959 4 1
8986 3 4
8999 1 2
8153 2 4
6595 2 1
2492 5 1
8408 1 1
224 4 3
9531 1 4
4705 4 3
6988 1 4
6262 5 4
2487 2 4
4041 4 1
2929 3 4
2105 5 1
4634 4 4
7374 3 5
1708 1 4
1610 5 1
8414 1 5
1935 1 4
8784 4 3
2842 2 4
6778 4 4
2407 2 2
4021 3 2
4123 5 2
6736 2 3
3997 4 4
5467 3 1
3381 5 5
270 2 3
7192 1 2
8404 2 3
2798 2 1
8837 5 3
2396 4 2
4654 2 4
537 2 5
4260 3 3
8828 2 1
2432 2 5
7302 4 5
9332 1 2
9571 2 5
5827 1 3
3773 4 5
7278 5 2
7514 4 1
5715 4 5
5253 1 2
3590 1 5
7739 5 2
2565 5 2
2558 3 2
7317 5 3
679 4 2
6387 2 4
3928 1 2
4377 4 5
7397 5 2
2274 3 1
394 5 5
2209 4 1
5968 1 3
2361 5 3
7940 5 2
9145 3 5
3181 3 4
1654 3 3
6463 4 3
2817 4 4
9718 4 2
1139 1 5
5495 5 5
4843 2 5
1465 4 2
5725 1 1
3222 2 3
3170 2 1
3382 1 2
5374 5 2
5782 2 2
6602 3 2
342 5 4
4096 3 4
2588 4 5
2736 5 4
4384 4 4
9316 3 5
9709 5 1
9454 5 4
2345 3 1
3390 1 5
1395 5 5
7485 4 4
5411 3 3
7585 1 1
4279 3 2
6375 4 5
9916 1 1
2790 3 5
7789 1 5
9773 5 5
1871 4 1
8326 1 5
6205 1 4
6352 4 1
3942 5 4
8286 2 5
2354 5 2
3485 1 3
3216 3 1
779 4 2
9826 4 2
3677 2 3
5089 1 3
3396 4 4
2456 1 5
9161 3 1
7164 1 2
6940 5 1
5277 1 4
8292 5 1
1827 2 5
8853 1 1
5645 2 5
8232 4 4
8459 3 3
5674 2 4
5004 1 1
2528 4 5
898 1 2
9288 2 4
6304 4 4
2664 5 1
6871 5 2
7455 1 4
5521 3 5
2769 3 4
7884 2 3
1328 4 5
8775 3 3
535 4 5
5677 3 5
6204 3 3
8069 1 5
8272 1 5
4739 2 4
8985 2 1
1122 2 4
404 3 2
517 1 3
900 2 3
7114 2 2
7603 3 4
8979 5 3
8328 1 2
5721 1 3
3837 5 3
6584 1 5
4906 2 5
3688 2 1
3129 1 2
9283 4 3
8728 2 4
2948 4 1
1180 3 5
3351 4 2
7177 5 3
3003 2 1
2448 2 1
2465 4 5
2661 5 5
9979 3 3
5622 4 5
1334 5 1
1252 4 3
2817 2 1
2294 5 2
4966 4 4
7936 5 4
9023 5 2
7603 3 2
7321 2 1
3202 5 5
4839 3 4
885 2 5
6125 5 5
1590 3 3
3643 3 2
6404 4 5
9379 4 4
1118 1 2
9510 1 2
22 5 1
6747 3 3
9226 2 5
5583 2 2
3289 4 1
9837 4 2
2439 3 1
7910 4 2
4138 1 3
2321 3 5
8463 4 1
155 5 3
5648 4 3
6802 1 1
6596 1 5
8019 4 4
918 4 1
1407 4 3
3622 4 5
7995 5 3
1135 1 1
8140 4 5
5414 1 3
7387 5 3
4464 3 4
9190 2 1
4743 4 2
8060 2 4
9857 4 5
2746 5 2
9005 5 1
1014 5 5
7546 1 4
1104 1 1
6098 2 5
72 1 5
2886 2 5
2258 3 4
9933 1 1
3154 3 3
6620 3 1
5536 3 5
438 2 5
4580 2 1
311 4 4
9292 5 5
9283 3 1
2598 2 5
9342 4 5
7246 1 5
9548 5 2
7775 4 4
1883 3 4
7999 3 5
7558 3 2
5117 4 4
7911 1 4
5000 4 1
5821 2 1
6028 1 3
538 5 1
9039 1 3
1693 2 1
3419 1 2
2824 5 5
4397 1 3
422 3 3
6816 4 1
2202 5 5
1408 3 3
7487 4 5
4911 4 5
8122 5 1
5940 4 4
3789 3 3
6983 1 4
6695 5 5
3801 4 4
9797 1 5
5 4 3
3707 5 5
9960 2 4
4419 5 5
1603 3 5
4268 2 4
6436 4 4
7221 1 5
4645 4 2
2052 1 3
1527 4 3
1350 5 5
3764 3 5
9371 1 1
9271 3 1
8734 1 1
7208 2 4
9230 1 1
411 3 3
4300 3 1
5880 2 3
3886 2 4
3615 3 1
1127 2 5
4666 4 5
4540 3 4
7672 5 2
1238 4 5
5064 1 4
5048 5 2
8663 5 4
6392 4 2
6065 4 1
4863 4 1
7987 2 1
2441 1 1
1107 2 3
2039 1 2
3367 2 4
2566 4 2
1164 3 5
1058 1 1
5661 3 1
3629 2 5
3984 5 5
4931 4 4
1906 5 5
6685 3 5
3981 1 3
4182 1 2
9780 3 3
9557 2 1
2931 1 1
8145 3 2
7262 5 2
2616 5 1
7715 3 4
6822 1 4
1272 2 2
8221 2 2
1620 5 4
7200 2 3
2695 1 3
1607 5 4
8972 3 3
3901 5 4
5415 1 5
3855 4 5
9029 1 1
9134 3 3
1710 2 1
4223 5 4
3443 5 2
645 3 3
5861 4 2
8004 1 4
6081 2 1
9000 4 3
5141 5 2
3043 5 4
4245 2 3
5598 5 2
6690 1 4
9914 2 2
5654 1 4
410 3 4
5168 3 5
2108 5 5
9096 2 4
9005 3 1
7861 3 5
8196 1 2
3067 1 3
294 3 4
7363 1 4
5835 1 2
6249 4 5
3441 2 5
3569 5 1
8472 5 5
2491 1 4
8149 5 1
5797 3 3
3008 2 2
6983 1 5
9644 3 1
2425 5 3
1299 2 2
5623 4 1
3359 1 1
9467 2 3
2722 1 1
543 1 4
778 1 5
1768 3 5
5449 2 4
1652 3 1
8641 2 3
5417 5 1
1049 3 5
801 4 5
9285 2 5
5651 2 1
7133 1 5
9044 4 4
6907 5 3
2093 1 3
8556 3 2
7071 3 5
4995 2 3
9701 1 2
1203 1 5
8433 3 3
2078 3 4
2007 3 5
1535 2 2
5523 5 3
6920 1 4
8534 4 1
5855 3 5
7055 1 4
1918 1 1
7544 1 1
809 1 3
7646 3 3
4105 5 3
7676 3 1
1571 4 3
6237 1 1
9600 5 1
6536 5 2
1474 4 3
151 2 2
2775 4 1
1785 1 5
6267 5 3
1230 3 2
7410 5 4
2466 3 5
4978 2 5
9701 2 3
7319 1 1
6092 1 5
7236 1 4
3408 1 2
7876 4 1
9565 4 1
1697 1 5
7922 1 2
9343 5 4
2889 4 4
2722 5 1
4836 3 1
9214 5 2
2318 2 4
8512 3 5
5049 2 1
5633 3 1
4262 3 2
4326 1 2
1263 4 1
4621 5 2
1200 4 4
4711 1 3
8248 4 5
6953 1 5
9169 4 1
8011 4 4
4602 3 3
7886 1 5
5387 2 5
4462 3 4
3045 4 3
8787 5 1
6834 2 1
2090 5 5
1739 5 3
2649 2 2
6777 5 3
3941 4 2
5965 1 4
4381 3 2
2775 1 2
3946 4 2
9748 1 2
3557 2 3
5622 3 3
3479 2 5
2061 2 3
7387 2 1
2268 4 4
1633 4 2
966 2 3
1132 2 2
8558 4 3
1346 2 4
1556 4 1
5059 4 2
648 4 4
8830 1 2
5718 3 3
4762 3 4
5417 4 4
3975 3 1
2037 4 1
7980 5 3
2867 4 4
7476 3 2
6795 3 5
4563 5 4
4114 1 3
2252 3 5
4870 1 1
9651 1 4
1429 5 4
6973 4 1
1576 4 3
2841 1 2
7839 2 5
382 4 3
3104 4 1
3647 5 4
3923 1 5
38 3 1
5328 2 4
8052 3 1
1673 2 1
4411 2 2
6644 1 4
503 3 2
4008 3 4
7522 2 2
8114 2 3
4639 3 3
582 1 1
7664 4 1
4217 5 4
6032 1 1
5148 1 5
2554 3 2
6031 3 3
8801 3 5
8037 4 3
9668 4 2
8330 1 1
6134 2 2
4961 5 4
6771 5 1
3587 5 4
325 3 4
1175 1 2
1659 3 2
7047 4 1
6699 5 1
6124 3 5
5017 1 5
42 1 5
3177 1 2
2254 4 2
8235 3 5
6209 5 4
2279 5 3
1144 1 3
2058 2 3
5158 3 1
7922 4 4
4576 4 4
5712 1 2
5715 4 3
6547 1 1
9713 2 3
3202 2 3
7906 4 1
1307 5 5
3141 4 3
2148 4 3
5749 1 4
8738 5 4
9302 4 5
3839 2 3
2648 4 4
6559 3 3
6310 2 1
7604 2 1
3408 2 2
4378 5 3
1534 5 2
218 5 3
9564 5 1
3496 2 4
4930 1 1
9615 2 2
2491 4 4
6573 5 5
5243 5 4
4865 2 5
4289 3 1
3153 4 4
3490 1 5
8514 1 5
6572 3 5
797 4 4
5816 4 1
33 3 3
1723 1 5
806 5 4
883 5 1
4482 1 2
6644 5 3
2616 1 1
3601 4 3
2216 4 4
7289 5 3
3674 2 1
8912 2 4
1105 1 1
9599 3 3
8713 2 3
1243 4 3
6309 2 2
9778 5 1
3734 3 5
4806 3 4
9048 2 5
2708 4 2
3522 5 1
1431 5 1
781 4 2
7946 3 3
2149 2 4
3163 2 5
2238 4 2
752 3 2
8578 4 3
6514 5 2
2805 1 2
4957 2 5
4168 3 5
7885 1 3
1958 4 4
7934 3 4
9303 3 4
7859 4 1
936 2 2
1456 2 3
1651 4 1
5009 2 5
5954 2 2
3748 3 2
4551 1 4
898 5 5
6751 5 2
5039 4 5
4665 2 3
6465 2 4
8511 4 2
4595 4 1
5738 5 2
1772 3 2
3459 5 5
7584 3 5
5057 2 1
5950 1 3
8535 3 4
6112 5 2
6156 4 2
3342 1 5
8478 5 4
7562 4 3
4895 4 3
4100 4 3
7736 5 2
9641 3 5
4393 1 1
4241 2 2
2085 2 4
4671 1 3
3045 2 4
1858 3 4
5999 1 1
7012 3 1
4015 1 2
6862 1 2
6436 4 2
7783 5 5
3677 1 2
2254 2 4
9658 3 2
8568 3 2
771 3 3
497 5 2
6093 5 5
2822 1 1
8078 4 5
623 2 3
7995 3 5
6055 5 5
8970 4 3
3921 3 1
7689 4 3
9371 2 2
1451 4 4
4754 4 2
6496 3 5
5572 3 2
6175 2 1
4712 4 3
1741 5 4
2781 5 3
2463 5 1
9396 3 4
9149 4 4
8904 4 5
1007 1 3
3935 3 2
2007 4 5
3449 5 1
9818 3 5
1050 1 3
5128 5 5
5191 2 3
6419 3 3
697 3 3
8282 3 4
2876 5 3
6939 4 2
3327 5 1
7642 1 4
9260 2 5
3876 4 3
5140 2 5
2711 4 2
4541 4 4
9002 1 2
6819 5 2
2769 2 2
1601 4 5
8817 4 2
7063 1 2
6441 2 2
2689 2 3
8053 1 4
2349 2 5
8964 4 2
4513 3 4
2360 5 5
8220 5 5
3352 3 1
5495 4 1
6695 2 5
5139 5 4
9221 4 2
2627 5 2
2553 2 4
7309 1 3
6602 5 2
6370 2 4
4751 1 3
375 1 1
4536 3 5
3438 5 1
7214 2 3
7407 4 5
8405 4 1
3748 2 2
8779 5 4
3934 5 2
1779 3 2
8208 5 2
499 5 2
1528 2 5
948 4 3
207 1 1
321 4 2
6 1 4
3879 1 2
7202 1 1
7344 4 4
4123 1 2
9549 1 2
3492 4 4
4246 1 1
2313 4 1
7254 4 5
7217 4 3
4548 2 2
5709 2 2
2926 5 5
3533 2 4
7437 1 5
4726 1 5
9238 5 3
9345 5 3
9326 4 5
7853 3 3
6096 5 1
6158 3 1
2621 1 5
5416 2 5
1230 5 3
6771 5 2
5733 5 3
2674 2 3
8233 1 2
7084 3 2
5214 5 3
9038 2 5
2719 1 2
9726 2 4
8473 3 1
7708 2 4
6404 3 1
3352 4 3
8979 5 5
9674 3 5
4265 1 5
4497 5 5
3916 2 1
7392 1 4
311 2 1
2386 5 2
4059 4 3
3106 2 4
7166 5 2
5629 5 3
7861 5 1
8319 4 4
1609 5 3
8093 4 3
1258 1 2
6891 5 5
9229 1 4
3847 2 3
1336 4 1
963 1 2
8711 4 4
6245 4 1
5684 3 1
1074 3 2
7933 1 1
1816 1 3
1204 1 4
8693 3 3
3518 1 1
8799 5 4
2986 2 4
9066 5 5
1444 4 2
9997 4 5
2000 5 3
9742 5 4
3163 1 1
5267 4 5
6971 2 3
2790 1 1
1295 5 1
9709 4 3
2417 2 5
7521 2 3
3738 2 2
8335 2 3
4188 5 1
1854 2 2
1237 4 5
1253 2 5
2409 2 5
3491 2 1
6836 5 4
7934 2 1
41 2 3
5235 2 4
2227 4 2
9217 3 5
7049 4 3
9488 2 1
3671 1 1
2361 5 2
8165 1 5
4144 3 2
7809 4 3
7871 4 4
2189 2 4
8827 2 4
4519 4 1
6112 1 1
921 5 2
1446 2 1
7908 5 5
750 2 2
6214 4 2
7155 4 4
7583 3 2
1379 1 3
1422 2 3
6282 4 3
9888 1 5
2085 1 2
8852 4 5
1338 4 2
7094 3 4
4816 3 5
5877 2 2
5157 2 4
7242 1 3
8175 4 4
2978 5 2
9192 1 4
580 1 3
3495 4 4
4616 5 2
5256 5 2
9337 3 3
1090 4 2
9528 1 5
5734 1 2
892 2 4
441 3 4
4674 3 5
4290 2 2
5608 2 4
8903 1 4
767 1 2
9173 2 1
1250 4 5
7118 2 1
2033 3 5
57 1 1
5046 1 4
7215 2 1
3092 3 4
6276 3 5
5516 2 5
9823 5 1
3190 2 2
668 3 2
7769 2 1
7596 4 1
4437 3 2
4338 5 5
9164 5 4
3550 4 1
9870 2 4
6952 5 2
32 3 1
2818 2 2
7234 4 4
4197 1 2
5406 5 1
4289 5 3
4278 4 4
1411 3 5
2400 3 5
3106 4 3
2326 2 3
7202 2 4
2328 5 2
1654 4 1
7458 4 5
7560 2 2
1253 5 1
1606 5 4
9477 4 3
3355 1 4
396 1 1
3031 1 4
6355 2 1
7707 1 3
4782 1 4
7287 5 3
8030 5 3
3165 2 1
5659 1 1
6732 1 1
2287 4 5
2871 5 5
3756 2 1
6988 5 2
522 5 4
2888 3 5
6163 3 3
1637 5 2
9449 2 2
875 2 1
5617 4 2
2845 2 3
6830 4 5
4802 4 3
2593 4 5
9273 3 2
3327 4 3
8931 5 3
2421 4 4
4507 2 4
37 2 1
7170 1 3
9470 2 4
9645 1 2
8780 4 2
6031 1 4
4262 4 4
2988 1 1
5886 1 2
7951 2 5
3822 1 4
2119 4 3
6302 2 3
3835 2 4
9942 2 4
3364 5 2
8330 3 5
2379 3 5
6477 5 3
9179 2 5
9872 1 1
4576 1 5
3793 5 4
4613 5 1
8174 4 5
7104 1 3
4298 4 1
8726 4 4
2784 5 4
1732 1 3
173 4 5
6564 4 3
819 5 5
8747 4 3
3620 2 1
3681 1 1
9937 5 2
8470 3 1
1866 5 4
3235 1 2
1212 3 2
2097 4 3
3001 5 4
9999 4 2
555 4 2
1465 1 3
5626 4 5
9254 4 5
9724 3 5
4627 2 4
4756 2 3
5862 4 4
2645 1 3
9202 3 1
259 3 3
8644 4 3
2775 4 5
6037 5 5
7011 1 3
172 1 4
5177 1 3
3465 2 2
9700 3 4
5611 4 5
237 3 4
9954 2 5
1009 2 1
3003 2 4
787 5 3
3748 5 2
3101 3 5
6350 3 2
5811 2 1
6422 5 3
5885 2 4
438 3 1
2171 2 3
6950 2 5
6667 2 1
6248 4 2
3374 2 2
8552 3 3
6481 2 4
6210 3 2
5651 5 3
8017 3 2
1780 1 4
7885 5 4
6673 5 1
1316 2 2
4166 4 5
4894 3 4
4358 2 5
8915 1 4
2388 5 2
5623 4 1
8505 2 1
5310 2 3
6753 5 1
996 3 1
4425 2 4
6834 1 5
6652 5 4
7463 5 1
3186 5 2
6195 1 5
7511 2 3
4619 2 3
473 5 5
2329 2 5
4497 1 1
2186 5 1
9382 2 1
381 3 2
4100 2 5
5003 4 3
9437 4 5
1729 1 4
615 2 2
8479 3 4
6751 4 4
6744 4 1
5203 3 2
676 1 4
4790 1 5
6974 5 3
4732 2 1
5095 2 3
6771 5 3
7993 5 2
7419 1 4
8309 1 2
18 4 3
804 2 1
51 2 1
4483 2 3
9411 3 1
1502 1 2
1736 1 3
8356 3 2
5752 3 2
8081 5 4
4657 1 2
802 3 1
5198 3 2
9834 1 2
2631 3 1
9681 5 5
3216 3 3
4655 1 5
8314 3 2
8430 3 1
2692 2 2
6153 1 3
1395 1 1
1626 4 3
5418 2 2
5930 1 5
68 5 1
4260 4 1
4581 2 5
2691 1 2
4420 5 5
5884 2 2
7914 3 2
4172 2 3
8903 1 5
2757 1 1
5835 2 4
157 1 3
1998 3 1
7158 1 3
2560 5 1
4725 2 3
4942 2 4
4394 2 1
7632 1 4
7888 4 3
4237 2 4
5752 4 1
6191 3 5
1840 1 5
2906 2 4
4139 4 1
7404 5 4
1615 2 5
7551 5 2
5851 2 1
8945 5 1
4770 3 3
9879 1 4
9845 3 4
4560 1 2
6667 3 4
1414 5 3
8566 5 5
2515 4 1
4433 5 3
2758 5 5
9672 5 3
5076 1 5
4448 4 5
6390 3 4
8182 5 4
9772 4 4
4684 1 2
2491 3 5
1524 4 4
4466 4 2
9820 3 3
3940 5 4
1657 5 5
4942 4 5
5350 3 5
8256 2 5
2280 5 1
9580 4 1
2637 1 1
2363 1 3
16 4 3
2757 3 2
8206 4 4
2951 1 3
9647 2 3
3969 2 3
4699 1 2
9897 1 1
9816 3 1
6847 4 2
7469 5 1
9354 2 4
7577 5 2
5766 2 1
2073 3 1
5261 2 2
9483 5 3
8331 5 4
4033 5 2
4578 3 4
8975 4 3
7179 2 5
6793 5 1
850 4 2
825 5 2
3470 3 3
9834 1 4
2432 2 3
1950 5 5
8506 2 4
2145 5 5
5968 1 4
1472 2 3
9960 2 4
2397 2 3
2186 3 1
5837 1 4
5651 4 3
9289 1 3
4719 2 1
3396 1 5
5270 4 5
4736 2 5
2404 5 3
2262 3 2
6128 1 1
4282 5 2
8355 1 2
8067 1 2
6817 4 4
2592 1 5
135 5 3
6463 2 2
5191 4 3
8612 3 2
2158 1 4
8717 4 2
5641 1 4
5111 1 3
5506 5 4
3818 5 2
2954 1 4
1851 2 5
1995 5 1
5607 2 3
2294 4 3
9480 2 5
6800 2 3
3335 2 5
7153 3 4
2359 2 4
2040 5 3
1583 1 3
4255 2 1
3269 5 2
8539 3 3
8152 2 4
1469 3 2
6992 4 4
4792 4 2
7221 4 4
8109 5 5
8143 1 4
1145 3 4
4573 1 2
5833 2 2
7177 5 1
4738 5 1
203 3 3
7369 3 5
9531 2 2
3838 1 1
2184 5 4
7188 1 5
4153 1 5
8086 2 2
4445 3 2
1199 4 1
26 5 1
4287 1 3
2837 3 2
9878 2 1
1404 5 2
5756 2 2
3148 1 5
8585 4 2
9207 3 5
922 4 1
2797 1 5
9287 4 4
1977 3 4
9993 3 3
9036 4 2
2606 1 4
3293 1 3
2073 3 3
2581 4 5
7271 4 1
7329 4 2
5812 5 3
784 3 2
8048 3 4
3212 3 3
3536 1 3
2315 2 3
2422 4 2
5854 3 2
694 4 4
60 3 4
408 1 5
9842 2 5
701 1 5
8934 3 4
3589 5 4
116 2 1
4176 5 3
5381 3 1
5704 3 2
6456 3 5
8313 5 2
2232 5 2
8443 2 5
5989 1 4
1943 5 5
8463 2 1
317 2 1
9628 5 5
2724 1 5
4592 2 5
3372 3 3
5034 4 5
4311 1 2
8563 3 3
8974 4 4
6688 4 1
5702 4 3
2923 3 1
7523 2 1
6976 2 3
7261 3 5
5888 3 1
6930 1 5
8644 4 2
4966 2 5
9522 2 2
593 4 5
4716 4 3
7486 3 1
2586 1 3
7573 2 2
9523 5 5
5122 2 4
7199 3 1
8329 2 5
7477 5 3
5808 2 1
7663 3 3
5525 4 3
6186 3 4
6655 4 2
2981 4 5
9262 1 2
9380 4 4
4824 2 3
861 3 5
4675 4 1
7498 2 2
5640 2 2
1561 3 3
4013 2 3
1961 4 2
9614 2 2
5963 4 4
8474 5 4
9497 2 1
1248 5 3
891 4 4
3403 5 3
4409 4 3
3657 5 3
8223 3 4
5659 1 2
6436 1 1
2589 3 1
5974 1 5
3541 5 3
2266 3 4
9222 4 4
2440 2 5
8055 5 1
7855 2 2
391 5 4
3183 5 1
8589 4 2
4790 5 3
9374 4 2
4317 1 4
5558 2 3
3665 3 5
7218 4 2
1510 4 1
2385 1 4
5755 1 2
5610 5 4
3546 2 2
6834 3 1
3755 5 1
9253 3 5
4441 4 4
440 4 4
8339 1 1
5160 1 3
5868 1 1
7260 1 1
4751 5 2
7167 1 2
7912 3 4
8236 1 1
7103 4 2
5386 3 4
3696 2 1
5282 5 5
562 3 2
2593 5 1
5261 2 3
4785 5 2
9530 1 3
6139 5 5
6517 2 4
5101 2 2
3872 3 4
8471 4 3
2746 5 3
15 4 3
7075 1 1
5916 1 2
5809 4 3
1038 5 5
3727 3 1
9951 1 3
1508 5 5
3602 5 3
7365 5 5
2231 4 4
5685 3 5
8913 1 1
8521 2 4
2261 3 4
186 4 5
5566 4 5
6037 5 4
1248 4 3
4544 2 4
7929 2 4
8342 2 3
7332 2 1
1793 3 3
3176 1 3
840 5 5
8812 4 4
9849 3 5
8474 2 4
705 5 4
6844 3 5
4126 5 2
2406 1 5
1421 1 4
8288 4 4
2182 5 3
295 3 3
1319 1 5
2251 4 5
8465 5 5
8274 1 1
3558 2 1
9790 4 3
5874 1 5
5974 3 3
6522 2 5
9660 5 1
5041 4 5
6039 3 3
7960 3 4
5429 4 5
2097 1 3
6994 5 4
7176 2 4
4749 1 4
6635 2 4
8937 1 3
8274 5 3
6492 4 3
9828 3 3
5796 2 5
3023 1 1
5509 2 1
2635 5 5
3280 2 2
7208 3 2
7445 1 1
1370 1 2
4273 1 4
3104 1 2
9996 1 4
485 4 2
7260 1 2
6720 4 2
1158 2 4
260 4 4
4358 5 3
363 5 3
8976 4 2
7822 4 3
2385 2 5
1695 2 3
9267 5 3
3902 4 2
1217 3 2
6590 5 3
8699 4 5
8643 5 5
5313 3 2
1793 3 5
5839 2 3
1648 5 5
4039 5 3
5237 1 3
1515 3 4
9870 3 3
3717 5 4
4073 1 1
7532 1 2
8590 1 3
1832 1 2
6886 1 2
1598 2 3
2395 4 4
1845 2 3
1717 5 4
2939 2 4
5541 4 1
1028 2 4
5198 5 3
2406 2 3
2342 1 2
720 4 1
6782 2 2
7953 5 2
4431 5 3
2111 4 5
100 5 5
1283 5 4
1087 1 2
1326 5 3
5178 5 4
4383 5 3
5929 5 1
4503 3 4
761 4 1
7583 3 2
5168 5 5
3577 2 3
4062 5 3
9559 4 2
7528 4 2
238 2 5
6417 1 5
1898 5 5
1918 3 2
2996 2 2
2377 2 3
9775 5 2
2740 5 5
3656 4 3
2405 2 4
5924 2 1
9369 5 2
6098 5 1
3843 4 1
7312 2 1
8751 4 3
4123 2 1
7879 5 5
9579 1 5
7512 2 4
9581 4 3
9769 3 5
2723 2 3
300 1 4
8923 4 3
5700 1 2
3984 5 2
3261 1 4
1268 3 1
9797 4 1
1323 1 5
6980 5 5
7294 1 3
5668 5 4
188 2 5
6429 1 1
1261 4 5
107 5 2
4608 4 1
2479 2 4
901 4 4
9320 3 3
9428 1 5
4492 4 5
2052 3 3
6022 2 2
1808 5 4
2236 1 3
3214 4 4
2714 1 3
8387 2 5
9097 2 5
9687 5 1
9960 4 5
9031 2 4
5949 3 2
3832 5 2
2907 3 3
4256 2 4
7153 3 4
658 5 4
9941 2 5
5887 1 5
3294 5 1
9562 3 4
6457 4 2
9402 5 5
5695 5 2
1140 5 2
9270 5 5
1757 2 3
9183 4 2
9664 3 4
4431 4 5
835 5 4
4196 2 4
9054 5 1
9622 4 2
2323 3 5
2100 3 4
3105 3 4
8445 5 5
6392 1 4
4115 3 5
7333 3 5
1663 4 5
4690 5 3
7618 4 3
2514 2 1
3353 5 2
3293 3 4
772 2 3
8993 5 2
8562 2 3
9201 1 5
6288 2 4
6209 5 2
3517 1 4
7327 2 5
8618 1 2
1379 5 3
7850 3 5
7758 5 4
6750 2 2
9868 1 5
3698 3 1
2011 5 3
4705 5 5
3026 3 5
2618 1 2
1558 1 5
1941 3 4
3492 4 4
9749 4 5
3181 4 2
5679 4 3
1444 1 3
8282 3 2
7412 5 3
4137 2 1
8125 3 5
157 4 3
9122 1 3
9080 3 1
8416 2 1
3136 5 5
2129 5 3
1467 4 4
7142 3 2
8031 1 4
513 1 5
7828 1 5
8436 2 2
1936 5 1
5966 4 5
3120 1 3
4809 4 1
9867 1 2
7099 2 1
8753 2 2
7396 2 1
8694 5 5
3052 3 3
2998 1 5
1846 5 2
1446 5 3
3138 2 3
1815 4 4
2582 1 3
2706 5 5
6573 3 5
3901 5 3
7047 4 5
6631 1 4
6080 1 4
9309 4 4
3588 3 1
6563 5 2
4199 4 2
7203 3 1
6321 1 4
6210 4 5
2500 5 1
8284 5 2
2078 4 4
56 2 4
3535 1 5
8768 1 2
6381 4 5
8672 5 5
4326 3 4
6774 1 1
2188 4 4
266 2 4
3666 4 2
9090 1 1
9124 1 5
2410 1 5
1598 4 5
5770 3 2
1716 4 4
4786 4 5
2917 1 1
6854 2 2
2242 5 3
7142 1 3
6121 2 4
2985 4 1
2056 2 2
1369 4 1
6473 3 1
1505 4 5
9748 4 1
5425 2 1
4618 5 2
3057 1 2
4604 5 5
3674 2 3
9593 5 2
817 3 3
9061 5 5
5777 1 4
1842 2 2
40
138
311
562
620
704
832
985
999
1586
1653
1680
1737
1778
1802
1883
2029
2034
2050
2064
2173
2524
2593
2687
2918
2966
3050
3079
3290
3386
3491
3594
3618
3625
3725
3874
4050
4051
4060
4168
4314
4380
4688
4796
4853
5015
5034
5106
5151
5201
5263
5317
5354
5482
5946
5948
5980
6127
6131
6172
6220
6314
6323
6387
6388
6427
6459
6466
6500
6520
6556
6594
6727
6769
6810
7136
7147
7314
7460
7532
7571
7714
7825
7864
7969
8068
8340
8387
8490
8576
8936
9094
9134
9181
9206
9286
9294
9314
9614
9751
