3000 100 3000 1
5488 3 4
3492 5 2
3985 4 1
261 3 2
9866 2 1
1660 3 5
7720 5 2
7883 1 1
2636 3 4
754 4 3
8845 2 3
6082 2 1
355 3 5
3061 5 1
7044 1 3
9535 1 4
4642 1 4
9994 5 5
5617 5 4
8980 5 3
260 4 2
5643 5 3
8901 1 4
9216 3 2
8724 3 1
6711 2 1
6859 2 4
7666 5 4
6671 1 3
1809 2 1
1546 2 4
9161 3 4
2244 4 2
1447 1 5
4569 2 5
9852 4 4
7818 1 3
8521 3 4
4301 4 3
595 4 5
5902 2 2
567 1 4
8265 2 2
96 3 2
9884 1 5
1945 3 2
3271 1 3
6392 4 3
9736 2 2
4865 4 4
1242 3 1
2654 3 4
1102 4 2
8534 1 1
4879 4 2
9967 5 2
1383 1 1
1598 2 2
9467 5 5
2167 5 3
3781 2 2
9050 5 2
723 1 1
1864 1 4
8362 5 1
9650 1 1
1807 4 4
2643 4 1
4296 4 2
68 4 3
4761 5 5
6942 4 4
286 2 2
6110 2 5
5538 5 2
1635 3 3
9143 5 3
6309 5 1
7206 1 5
5747 3 3
3583 1 3
7799 3 5
8901 4 5
7468 2 4
3981 2 5
1725 4 1
51 3 2
98 5 5
9732 1 4
4023 1 4
6166 3 5
8367 3 1
9645 5 4
6363 5 4
1203 4 4
5013 1 4
8971 4 5
2030 5 5
3889 5 2
5004 2 4
9938 5 2
2259 2 1
3271 5 4
9973 5 3
6769 5 4
4156 1 1
3639 3 3
5256 2 2
7323 4 1
6036 3 4
23 1 1
9459 2 1
2533 4 3
6270 1 4
2242 4 3
8879 4 2
2898 5 1
2158 5 2
258 2 3
1623 3 5
4428 3 5
2539 3 4
2360 2 4
8630 5 1
6657 2 4
5485 5 3
3633 4 4
1832 1 2
9655 3 2
305 5 4
7959 1 3
4577 4 1
8508 1 5
4636 2 4
9012 5 3
2327 1 4
8370 2 1
3938 3 4
7546 4 3
3088 5 2
396 3 5
4120 4 1
7457 3 3
604 2 5
6043 5 5
1859 3 1
7816 3 5
5361 5 3
4061 4 4
1510 5 4
7940 1 4
5404 5 3
8938 3 5
8703 1 5
2487 3 4
5523 3 3
7474 2 1
8350 2 4
3943 3 2
2471 5 2
5221 4 2
7658 2 3
981 1 1
1879 1 4
9969 3 2
6241 5 5
4688 3 4
7467 5 4
2259 4 3
3138 4 5
9064 3 2
3581 4 2
2623 5 3
6584 2 3
6325 1 1
8701 5 1
9487 2 3
1118 1 2
4257 2 2
7701 5 4
7954 3 4
7108 1 2
5927 5 5
4397 1 1
8378 1 2
7684 4 1
8108 1 2
5775 2 4
107 4 5
2703 1 2
1741 1 3
7050 1 5
3811 4 3
7924 4 4
3596 2 1
8618 4 4
8331 1 1
4361 5 4
6562 3 4
6791 3 1
2633 3 5
645 4 4
4312 5 5
3706 2 2
1585 2 5
169 4 3
5057 5 2
3890 4 4
7300 4 1
2212 1 3
9297 3 4
1430 2 4
8361 1 2
3557 3 5
9740 2 1
604 1 5
7474 1 2
2507 2 2
8026 4 4
6904 2 5
221 2 1
7746 3 4
7416 1 4
9080 3 3
5642 4 5
1412 5 4
5916 3 3
2535 5 5
3025 4 5
3407 1 3
7483 2 1
5595 2 2
118 3 1
6015 1 3
6302 1 2
7817 2 5
6569 1 3
8549 2 2
1262 2 3
5828 3 4
1549 4 1
638 3 1
9752 1 2
2757 4 5
8886 2 2
1925 5 1
6798 2 3
9274 2 5
4785 1 3
6300 1 3
1875 3 3
8787 1 2
5105 5 1
257 1 1
3865 3 2
8856 4 4
3615 2 1
9698 3 3
861 1 3
5013 2 3
6340 1 4
1164 4 5
7643 2 1
3656 3 1
2413 3 1
2390 1 4
294 1 5
4813 3 2
1222 1 2
4797 3 2
7846 5 1
9133 3 5
8399 4 5
2612 1 3
6287 3 1
5047 5 3
2526 5 3
9322 1 2
1894 5 2
3875 2 2
1910 4 5
7091 2 4
7103 1 5
8321 1 1
2088 2 4
195 5 3
6968 2 4
2762 3 3
1383 4 3
3706 5 3
8584 4 5
456 3 5
3201 1 4
1707 5 2
3475 5 2
2518 3 4
6922 2 2
6751 2 3
4342 5 4
4006 1 3
5257 1 2
7030 5 3
2919 2 4
173 4 1
4839 4 3
2005 4 5
4868 4 1
4644 5 1
5762 3 3
9102 2 2
1813 5 2
6560 4 5
8084 3 5
5371 4 4
8631 4 5
7637 2 2
1118 2 4
1354 1 5
5063 5 5
1319 3 3
8460 2 3
9406 5 1
5852 2 2
671 1 3
482 1 3
6523 5 1
2961 5 2
6957 2 4
2132 3 2
5281 5 4
1951 3 5
4651 3 3
2052 3 1
5549 5 5
7832 3 4
3199 5 1
3181 5 2
6687 4 4
5866 4 3
9237 3 5
6720 2 3
3477 4 1
6216 5 1
4998 5 4
773 5 2
8309 4 3
6384 2 3
6714 4 2
2891 2 1
6914 5 5
637 3 4
427 3 4
8053 2 1
9912 2 5
3870 1 1
1389 1 3
4335 3 5
1635 1 3
5814 1 1
6429 3 4
6916 3 3
2223 5 2
1031 5 4
7520 2 4
5096 4 2
6164 1 3
9728 1 5
4244 1 4
4538 3 1
3074 3 2
4643 4 1
9462 1 3
208 4 4
431 5 1
7597 3 5
1776 1 1
8656 4 1
4072 5 1
328 5 1
9499 1 4
8396 4 5
1805 2 3
7141 1 3
1678 5 4
2742 3 1
7532 2 2
6330 4 5
989 1 4
528 2 4
1043 5 3
7539 3 5
3025 1 3
4675 5 3
9686 5 1
7758 4 5
7848 3 4
7302 4 3
5937 2 2
1168 2 5
2339 4 4
1216 2 5
3671 5 5
7523 3 2
9240 4 1
1497 5 3
2791 3 1
6474 1 4
4877 2 3
3695 2 3
1801 2 3
4917 5 3
2768 4 1
7759 3 2
8314 4 2
6188 2 3
7101 3 2
3105 3 1
4863 4 1
3127 1 1
9309 5 3
4339 3 2
8793 2 5
3059 2 5
1029 2 3
9220 5 5
3159 2 3
7662 1 2
6728 4 1
8469 3 5
7130 5 2
1850 5 5
1900 2 4
790 4 3
6536 3 1
4833 4 3
1147 4 3
5232 1 3
272 2 1
8073 3 1
2359 1 2
3570 1 3
844 3 2
7830 4 4
5921 3 3
2245 2 4
2292 3 2
5963 3 1
4382 4 5
8778 3 4
2558 3 5
8430 4 1
3492 4 4
6973 4 5
7760 1 1
2028 2 5
9345 5 5
9513 5 3
1462 2 2
2605 1 2
6549 4 1
8470 1 5
5862 4 4
4119 5 5
2390 5 4
7285 1 1
9199 4 2
434 4 3
9947 3 2
5862 3 2
2715 4 3
231 5 5
4270 3 3
7148 1 4
4340 2 2
2611 2 5
7822 2 2
7649 2 5
6240 2 2
8070 5 3
6851 1 1
1572 4 4
5117 2 3
4279 3 4
2775 4 2
4852 5 2
8064 5 2
1704 4 5
8046 4 5
4127 4 1
6842 5 4
2640 4 4
879 5 5
5902 4 3
6937 5 1
4713 1 5
3922 4 3
1335 5 4
3425 5 4
7233 5 5
5657 3 1
3667 5 4
4328 1 2
6330 2 3
3436 5 3
9771 1 1
4029 2 5
3328 3 2
3652 5 1
6089 3 2
8254 2 2
3158 3 3
7177 5 4
871 5 1
7868 5 2
6586 1 4
7388 2 4
2913 3 2
6760 3 4
2635 5 1
3053 3 1
3491 5 4
5747 5 1
2323 5 3
9090 1 1
4085 5 1
5690 1 1
2124 1 2
6234 5 2
7022 4 2
2456 3 4
2136 4 1
4128 1 1
9780 2 5
6856 1 1
6290 3 2
2857 3 5
8619 2 2
5009 3 4
9010 2 1
3681 2 4
5852 2 4
3913 5 5
6594 4 4
4999 2 3
1165 3 2
621 2 1
2507 3 3
3639 3 1
9788 3 4
3082 5 4
3634 4 4
4891 5 3
7607 5 5
4686 1 4
7386 2 4
9530 3 5
4607 2 2
1892 2 3
1703 4 3
744 3 3
6636 1 3
1286 3 1
7248 2 1
5302 5 2
2968 1 5
9033 3 1
1819 4 2
6612 1 2
5384 1 3
7609 5 5
5938 4 2
3390 1 2
3741 1 3
2276 3 3
7948 1 3
3980 3 4
4912 1 4
5625 4 2
6850 3 5
2118 3 1
4836 3 2
9043 1 3
5597 3 1
4088 4 2
3309 5 4
7068 2 3
3047 5 3
7997 5 4
3125 4 1
2367 2 1
9729 3 4
6675 1 2
3434 4 3
3492 4 1
3654 5 5
2444 4 4
624 1 2
6934 1 1
9216 1 4
3121 4 1
4730 1 5
3322 2 2
8364 4 4
58 3 1
9066 4 2
5874 2 3
8948 4 3
7872 5 2
2524 1 2
8398 3 2
1693 2 1
4515 1 2
9085 5 2
868 1 1
5329 2 1
592 5 2
6154 1 1
9362 4 2
2265 2 4
7295 5 1
8926 5 4
3808 5 4
4155 2 1
3532 2 4
946 3 2
1434 4 2
8366 1 5
5925 2 3
5276 4 4
4387 2 5
4183 1 3
866 4 3
8006 3 1
2893 5 2
3344 1 4
4618 1 3
3867 2 3
8073 5 3
1766 2 4
5488 4 4
3589 3 5
1279 5 5
7868 4 2
6946 4 3
9665 4 1
9240 5 5
5369 3 5
5362 1 1
8358 3 5
4278 2 5
1461 1 5
3964 4 2
2657 2 2
3471 2 5
9468 4 1
2880 2 3
2799 1 2
8633 4 2
6232 3 5
9130 2 5
2615 4 5
5387 5 4
9590 4 3
1474 1 2
829 1 5
6667 5 2
5778 2 2
3612 4 3
3657 4 5
7278 2 3
3053 3 4
2808 1 2
7606 2 1
1636 2 4
3351 5 1
6283 2 1
8099 2 5
9799 5 2
5578 4 1
5189 1 4
5265 1 5
1361 5 4
6899 2 5
8871 5 3
9089 2 1
6446 1 5
676 2 2
7323 4 5
3733 3 2
1202 2 2
1921 4 5
6994 4 2
6720 3 4
4753 1 4
6993 4 4
6752 2 4
8878 2 2
9055 4 2
7650 3 4
581 5 3
662 5 1
1705 5 5
2135 1 3
6686 4 3
4433 3 2
369 5 1
5583 4 2
5173 4 3
7850 1 1
2275 3 2
9169 2 3
9123 1 3
4499 1 4
2089 5 4
6352 1 3
349 2 1
2792 3 2
1959 2 1
8373 5 3
226 1 5
5638 3 2
6916 1 2
6567 5 3
9405 1 4
4729 4 2
5037 3 2
2486 2 3
7147 2 4
6056 3 3
368 5 2
2095 2 2
6394 3 1
4504 2 4
8816 5 2
1228 2 4
671 5 1
1369 4 3
3455 3 5
2479 1 1
1734 3 4
9109 3 2
9713 5 5
1427 2 2
8026 1 5
7101 2 1
3201 5 3
9417 5 3
5310 3 4
6865 4 4
7005 4 4
3956 1 3
1282 2 3
5723 1 5
8334 2 3
2292 5 5
6908 1 2
4472 1 3
6861 4 5
776 4 2
2660 4 1
697 1 3
4336 1 1
6486 5 1
4358 2 5
5946 3 2
6257 3 5
4720 5 5
1892 3 5
5212 3 1
6636 3 1
1054 5 4
3162 1 4
1420 2 2
8637 3 2
1748 5 2
3722 1 4
6451 5 5
2433 5 1
9593 1 1
9002 2 2
3466 1 2
6537 4 3
2164 4 4
9846 5 4
6540 1 4
8331 2 4
3811 5 5
2147 3 5
7748 4 1
2408 1 3
2011 2 2
5159 5 5
895 4 4
3041 4 3
398 1 3
6744 5 5
9507 4 3
8163 1 1
4221 1 3
564 4 3
2469 5 4
5099 5 5
8041 2 3
966 4 1
4782 1 4
5484 4 1
9826 5 3
7968 1 2
435 2 1
2719 5 3
4735 3 1
4259 2 2
6566 5 2
8596 4 1
2224 1 4
31 2 5
3031 1 4
276 4 1
2400 5 1
4278 3 2
7012 2 5
729 3 3
2402 3 3
1825 3 2
1974 5 1
2096 3 2
2062 1 3
5060 4 2
5119 2 3
319 3 1
7991 1 5
1376 1 1
7044 5 2
6716 4 2
2172 1 3
9404 1 1
6806 3 5
7044 5 2
651 1 4
7508 5 4
664 3 3
7610 4 5
7225 3 1
1765 1 4
8211 4 4
5688 1 3
7968 5 4
4447 5 5
542 4 4
5259 4 4
9070 5 5
740 4 4
4142 4 3
88 2 4
7934 4 2
6861 2 5
2854 1 1
8865 2 1
778 1 4
1154 3 4
515 1 2
5424 2 4
3039 5 3
7197 2 4
4969 4 3
3829 5 4
4361 2 5
32 1 1
7341 3 2
3788 1 1
181 2 5
5087 1 2
757 5 1
6002 4 2
8897 5 4
6601 3 5
4826 2 5
8484 3 1
4816 3 4
4257 1 4
9206 1 2
6483 5 3
2255 5 2
2078 2 1
9529 2 4
6118 5 5
7450 5 4
9519 4 4
6819 4 1
5437 1 5
8855 1 5
2671 4 2
3881 4 3
6484 2 4
1038 1 3
8115 2 5
4236 3 1
5823 1 2
526 5 5
8203 2 2
9878 1 5
5350 5 1
5481 5 4
4947 5 5
827 4 3
1309 5 3
6706 3 2
1015 1 4
1110 3 3
5903 1 4
4666 5 2
5907 4 5
1237 3 2
1975 3 2
4572 3 5
8658 1 4
3809 4 3
1337 1 1
8960 4 3
5332 3 4
2074 2 4
2325 2 5
7647 4 4
9588 3 3
4120 2 5
7975 3 3
4064 1 2
2086 4 2
7284 4 1
8446 2 2
4967 4 1
5576 1 3
1357 4 5
6217 5 2
7151 5 4
6508 5 3
952 4 5
5118 1 2
6315 3 5
3469 2 1
3800 4 5
3625 2 4
1548 5 3
1681 5 4
6913 4 2
8825 4 3
8825 5 3
5909 2 4
1649 1 5
4523 3 2
2287 1 3
1202 4 4
3148 2 1
7748 2 3
6199 4 2
9514 3 2
542 1 2
3535 1 4
5920 1 3
5574 5 4
4303 5 2
1575 1 4
4084 5 3
7985 5 3
7504 3 1
2868 2 1
5294 5 5
2007 1 5
1687 4 1
3904 5 3
9383 1 4
6397 3 4
375 3 5
7100 5 2
1323 4 5
4631 5 1
4686 5 2
229 5 3
3615 4 4
5806 5 4
6782 2 5
936 1 4
3518 1 1
7639 5 5
1690 4 5
2788 4 3
4933 3 2
7231 4 1
3806 2 4
7703 3 1
5555 1 2
2889 2 2
6228 5 1
9620 1 5
7996 5 1
1438 2 1
2066 2 5
6628 2 2
5910 3 1
8107 3 3
3912 3 5
8685 4 4
9933 5 4
9966 5 4
5556 1 5
9092 3 2
942 1 2
5850 3 4
2752 5 1
3452 4 2
7657 4 1
2240 4 3
437 1 5
9980 5 5
9220 4 4
5556 4 2
584 2 3
8148 3 1
5724 3 5
6960 2 3
8514 4 2
6981 1 5
3459 4 1
7477 3 2
3383 4 4
1785 3 4
307 3 5
5610 3 1
5219 4 2
7196 3 2
4564 3 1
5958 5 4
9148 1 5
7131 1 4
6723 5 4
3224 1 3
3758 3 4
2718 1 3
2228 3 3
1006 3 5
5404 2 3
1555 5 2
5420 4 3
5377 1 5
2833 1 1
1168 4 4
8694 1 2
3664 2 4
2586 1 4
3868 2 2
9262 2 3
4347 3 4
3951 4 1
3582 2 3
5077 3 5
1261 4 3
9703 1 2
9301 5 1
2729 2 2
6482 4 3
8805 4 1
4605 3 3
7895 4 1
8218 2 5
3790 2 4
1935 5 4
1121 4 1
9072 4 3
7644 3 1
9713 4 2
3159 1 1
1224 2 3
4472 3 4
7710 2 3
2520 1 5
3161 3 2
3579 5 5
2597 1 2
5742 3 3
2335 2 2
2228 2 2
1274 3 1
7802 5 4
161 4 2
6364 1 3
8241 5 4
1513 5 3
7219 4 2
3310 2 1
2598 4 1
8714 2 4
6883 5 1
893 1 1
6751 4 4
6848 1 4
2555 3 5
5451 2 3
1028 4 2
5069 2 3
8389 5 3
6953 5 4
6871 3 1
3698 1 1
3193 3 4
1986 1 1
8851 3 2
6878 3 1
1743 1 3
7615 3 1
5484 5 1
4325 2 2
7148 4 5
6888 4 2
169 5 1
6223 4 5
8840 3 3
4970 1 5
700 1 1
1844 2 5
8251 5 4
1464 4 3
9199 1 5
8110 5 2
8847 4 5
3333 3 5
2666 3 1
8029 5 2
2710 3 3
5192 4 2
3404 3 5
4969 4 2
3489 2 4
7169 5 3
2376 4 5
8411 3 4
9038 4 3
3346 3 1
9421 1 1
1460 1 5
3937 4 5
445 4 4
6032 1 1
756 2 2
9432 3 3
1476 3 1
9818 5 1
792 5 5
1975 5 1
8995 3 3
6368 5 4
3118 3 3
6132 5 5
7039 4 3
9368 5 2
4872 3 1
4344 5 3
220 3 4
7401 5 5
3566 2 5
2685 1 2
1184 4 3
2947 5 3
6477 5 2
265 5 1
484 3 1
1388 5 4
6341 5 1
9994 3 2
9484 4 1
6185 3 4
2644 2 1
8785 5 5
1398 5 2
6858 1 3
6093 3 5
9401 4 3
4029 2 4
8426 1 2
5601 5 3
8534 5 4
3473 4 1
5199 5 1
7102 5 1
3738 2 2
8785 4 3
8431 2 1
3368 4 2
5622 1 5
9539 5 1
777 1 1
6956 5 5
5753 4 1
4236 5 3
2731 4 1
5675 1 1
578 5 5
9672 5 3
8272 5 3
8207 2 3
4524 1 5
2373 2 5
1071 3 2
1340 3 1
8187 1 5
3309 5 5
317 1 5
8572 5 1
7556 4 2
1500 1 2
9180 5 5
193 4 4
9203 2 2
9947 1 5
8064 4 4
2591 4 5
8549 5 2
4553 4 5
578 3 1
9599 3 1
8617 5 2
3474 5 1
3072 3 3
3342 4 4
7094 5 2
9612 4 1
1927 3 3
3950 1 5
373 5 2
7218 5 1
8416 4 4
4685 5 2
987 1 1
238 2 4
5768 2 3
2514 4 5
9738 2 5
8245 4 4
2609 4 2
5987 5 4
1960 2 4
6466 5 5
4414 4 2
9272 5 1
4268 4 1
4114 2 1
7469 1 3
8219 1 5
6961 4 4
1360 1 5
2506 3 3
489 4 5
5164 2 5
5789 5 1
6563 3 4
3924 3 2
1853 2 2
3970 2 5
1853 3 4
4218 4 3
6176 2 4
5990 2 5
7470 1 2
7537 5 4
1774 3 2
5601 1 5
1684 5 5
9462 2 1
6364 1 4
6154 3 3
6245 5 5
9243 1 1
7645 5 2
6112 5 2
3427 5 2
1172 1 2
1511 2 3
505 3 3
9770 1 1
1710 4 2
710 3 4
4750 4 2
8749 2 2
8736 2 3
3761 1 1
8108 2 5
8862 1 5
4273 2 1
3235 3 5
9387 5 1
5183 4 2
4882 4 5
6109 5 4
3400 2 5
1479 5 5
8290 3 1
9552 4 5
8227 4 4
4560 5 4
328 1 3
9507 2 4
7046 2 1
6119 5 1
801 2 5
6052 1 5
187 4 3
982 5 2
3908 4 4
9145 2 1
6918 3 3
9190 4 4
5781 2 5
5441 1 1
656 5 4
6031 4 5
8620 3 2
4049 3 2
6822 3 3
1631 2 2
7462 5 1
5777 5 4
7684 4 3
3290 3 2
5073 1 4
5848 5 2
8387 3 5
6728 5 4
8413 5 5
3637 2 4
7855 5 1
9710 4 2
6720 5 5
6718 2 1
9042 2 1
4254 3 3
8236 3 2
5743 2 4
8900 1 1
4285 5 1
5749 3 2
2828 5 5
2309 3 5
9421 1 5
8634 3 2
4344 5 3
4386 2 2
6006 4 3
2053 5 3
7187 3 4
7882 2 4
5926 1 4
9263 4 5
8913 2 2
411 5 5
3396 1 1
4691 3 2
7364 2 4
5282 4 4
4718 5 1
3618 5 4
1563 2 1
1301 3 1
5950 2 1
4010 4 1
7145 5 5
4297 4 2
6636 3 5
4404 4 3
6548 5 2
2223 4 1
4125 5 3
4462 3 1
2004 4 2
9996 3 4
2919 2 3
596 3 4
58 2 4
2713 5 4
5385 5 3
1189 1 1
1021 1 1
7735 3 2
5850 2 2
4765 4 1
7856 3 1
3999 2 1
908 1 2
2275 5 1
5621 1 1
6543 1 3
6022 3 2
9703 3 5
6174 3 4
2014 1 2
7835 2 5
4611 5 1
5055 3 3
1085 3 2
2526 4 4
9725 5 4
1398 1 3
865 4 3
8894 4 5
2397 2 3
1058 2 5
159 2 1
3345 4 5
9628 3 2
5218 1 5
8512 4 5
3991 1 4
433 2 4
4686 1 1
2872 3 1
3485 1 2
3782 5 5
5215 2 4
4555 4 3
7666 5 3
9365 4 2
6232 4 4
6324 1 5
2548 2 5
8246 1 4
1411 5 3
6777 2 5
5705 1 5
4463 1 5
4073 3 3
4060 3 5
4612 3 1
545 3 1
9904 3 2
8027 4 5
3499 2 1
2339 4 2
1188 2 1
8346 3 3
6986 5 5
4970 1 1
1679 1 4
5476 2 2
4443 4 5
4239 2 1
2275 2 2
2469 2 1
1950 2 2
1570 4 4
7702 4 2
8625 4 5
3636 3 2
2185 3 3
2802 2 3
6653 1 3
2188 4 5
5436 4 4
6477 2 1
9668 5 3
3205 4 1
214 3 3
8171 5 5
9390 1 4
282 3 3
5880 3 4
7915 1 3
6544 4 3
1652 1 2
2212 3 2
2421 3 2
1996 1 5
3193 3 4
6114 5 5
1779 4 4
9455 3 1
5989 1 1
488 5 1
4776 4 1
2001 5 3
5319 3 4
7744 1 2
2437 4 2
9382 4 3
3379 4 4
9093 2 1
8128 2 4
7235 1 1
7889 3 2
7003 4 1
9918 2 1
7589 1 5
7358 4 4
5310 2 1
3131 2 3
3860 4 1
481 5 1
1933 2 3
1530 5 2
1776 5 4
6884 3 3
6686 5 1
9118 2 5
3916 1 5
8793 1 5
9219 1 2
8419 2 5
2279 5 3
3605 5 2
6985 5 4
6732 1 3
5625 2 5
763 2 1
8778 3 4
8300 4 4
7897 4 2
9188 1 4
7394 2 5
6999 4 1
5274 3 4
41 3 3
7957 1 3
3304 5 2
2423 5 1
8072 2 1
2393 2 1
9309 4 3
5740 2 1
7545 5 3
1002 3 3
2387 2 5
6911 1 4
7904 3 3
6295 2 4
3344 1 2
1659 2 1
4733 2 3
7996 1 4
6063 2 2
4678 3 4
9267 3 1
7448 1 5
3316 1 1
9973 5 4
914 1 2
3117 4 5
2216 1 4
6542 2 4
3355 3 1
3755 3 3
5187 3 2
4348 5 4
53 2 1
859 4 5
8485 2 1
4002 4 4
9948 2 1
9782 4 5
4433 2 1
6656 4 4
3419 2 3
574 2 1
6110 4 3
6665 3 5
3589 2 5
4685 5 4
5458 1 5
4194 1 1
5937 1 1
9767 4 5
9725 4 1
175 1 3
4500 1 4
562 2 5
1827 3 4
3570 2 3
7631 5 2
6590 3 1
5033 3 2
2157 3 4
380 3 1
3446 1 3
7747 4 2
18 2 1
6517 2 1
7298 2 3
8409 3 4
7218 3 2
4179 2 3
3319 2 4
7750 3 3
1586 5 1
5098 4 1
6059 3 1
3557 4 5
7292 5 2
2945 5 4
3849 3 4
2312 1 5
5211 2 5
4190 4 3
5966 5 5
7856 4 3
8328 5 4
5014 1 3
1711 1 3
321 5 4
5445 5 5
6117 1 4
9727 1 2
7108 3 5
6604 3 5
6888 3 4
1389 2 2
5376 2 5
3890 1 4
4071 5 5
5340 5 4
1397 3 5
5542 1 2
4429 1 4
5147 3 1
8682 2 1
626 4 5
3558 4 1
2677 2 2
1804 2 1
8415 5 5
2797 5 1
9002 4 5
2583 2 2
3637 5 3
9382 5 3
1416 5 3
540 3 5
4205 5 5
4294 4 1
8877 1 5
3893 2 5
5608 5 4
7698 1 3
5235 4 5
6663 4 4
4184 5 5
510 2 2
2015 2 1
9856 5 1
2435 1 1
605 4 1
672 5 2
8887 3 5
3020 2 2
7938 2 5
295 3 4
7451 4 5
4559 4 3
9956 4 3
7845 2 5
8459 5 2
7557 5 1
3057 2 5
1223 1 5
1559 1 3
4648 3 5
6016 3 1
1219 5 2
4362 3 1
69 3 4
2977 2 2
6473 3 5
1632 5 1
1253 2 2
4180 5 5
5745 1 4
3040 1 4
3493 3 1
9536 3 4
6383 4 2
323 4 3
6597 5 3
7900 5 3
9235 3 4
6893 1 1
3597 5 5
5029 4 2
4511 2 3
1979 3 4
9920 1 1
2221 4 2
7745 2 3
2103 5 2
426 3 1
2476 2 2
9722 2 2
8259 4 3
3755 4 4
4816 5 1
633 3 3
4937 3 5
8605 1 4
5052 5 2
9737 1 4
3250 3 4
7840 3 2
2660 1 5
4013 5 2
7218 1 3
4905 5 3
1381 1 5
9737 4 2
2055 5 2
8955 5 3
3692 4 3
9162 2 2
9105 2 3
302 4 5
2051 4 5
1251 1 5
3779 2 5
6699 3 3
390 2 2
8382 5 5
3670 1 2
582 5 1
5255 4 2
3270 5 2
1248 4 4
6977 1 5
2089 3 1
274 1 1
5238 4 1
8737 3 2
3172 5 4
6860 4 5
8366 3 2
1115 1 4
1049 3 4
301 2 1
3691 1 1
9473 3 4
4736 5 2
8552 1 4
8749 3 1
8864 5 5
2466 1 1
79 3 5
1053 5 2
8288 3 1
6845 2 2
1161 2 2
2145 2 1
42 3 2
4113 4 4
1015 2 5
5683 1 3
5605 5 5
9883 4 2
7724 2 5
4923 3 1
5876 5 3
2835 4 2
3021 4 3
4156 4 1
1308 5 2
8931 5 1
750 5 4
4506 1 1
2095 1 3
3560 5 4
8979 1 3
7444 4 5
9781 5 4
4017 1 3
2899 3 4
5842 5 3
598 1 2
8200 4 1
8440 5 3
318 4 1
8389 2 4
6883 1 3
7883 5 5
9801 4 5
9246 5 3
5235 5 3
318 2 2
3632 5 4
7036 4 3
4912 4 4
8108 5 1
7051 3 1
2406 3 4
3678 3 5
8324 2 3
7276 4 1
3682 3 5
5776 4 1
9342 4 4
1166 3 3
268 2 5
6437 1 4
9097 2 2
399 5 1
9315 3 1
1556 1 4
8999 4 2
1809 1 5
9118 4 4
2535 1 2
1711 4 5
2288 3 1
2104 4 5
3106 2 4
7629 4 3
1141 3 4
5979 1 2
5104 5 5
6548 4 5
6735 1 3
5833 2 3
8406 5 3
88 4 2
7925 3 3
6528 3 2
674 4 4
6603 4 3
2812 4 5
7152 5 3
9499 3 4
4070 5 2
5003 3 2
9370 4 3
1421 2 2
58 4 5
4935 5 5
4898 4 3
1987 2 5
5554 2 3
2012 3 4
4123 5 4
7259 4 5
4259 1 2
5370 1 3
8105 3 2
1021 1 3
9603 5 5
3047 4 1
2653 2 2
8463 1 2
1622 5 4
6271 3 2
9320 4 2
102 4 3
6336 4 4
4002 1 1
1666 2 2
5373 2 5
7576 3 5
2500 1 5
6940 1 5
9696 2 1
153 4 3
9694 3 5
4749 3 3
3979 1 3
6015 3 4
2369 4 5
1377 4 1
8823 2 5
7615 4 1
2943 4 2
1442 4 5
7779 3 4
4506 4 2
1973 1 2
7787 5 5
2796 1 3
4899 3 5
2744 3 3
1645 2 5
979 2 3
3962 2 3
5302 5 2
5580 4 1
4814 2 2
1999 2 4
9599 2 1
8761 1 3
7472 4 5
6211 1 5
3008 1 4
5597 1 5
2426 1 4
3135 4 3
876 5 1
5628 3 1
1962 5 5
5313 5 2
7622 5 4
325 3 2
3860 5 3
3300 5 1
1608 3 1
5599 3 5
7626 5 2
556 5 5
4029 1 4
8185 3 4
2896 4 2
9488 3 3
2121 5 3
1753 1 1
346 5 3
1772 4 3
9680 4 3
989 3 1
9118 3 2
1314 2 1
1603 2 5
5644 3 1
1912 4 5
8855 5 4
4256 4 5
8817 4 1
2160 1 5
8367 4 2
5133 3 2
9237 5 5
9665 3 2
3165 3 2
2991 1 3
7819 2 5
4489 1 3
1493 5 2
3520 3 1
5386 4 4
6442 3 5
594 5 4
8400 2 2
7881 3 3
9450 2 1
2009 5 1
4073 3 1
4196 2 3
4577 3 1
602 5 3
2424 4 1
6131 5 3
9476 5 2
8798 2 3
7545 4 4
9496 4 2
3145 5 3
1115 5 4
1434 5 5
5264 5 2
3667 4 2
5091 5 1
8370 4 2
6154 4 5
717 1 2
5094 5 3
2762 4 4
3138 1 1
489 1 4
9365 2 2
5962 3 1
6512 2 3
9801 4 2
4795 1 1
4116 1 1
3636 1 3
1918 3 5
664 1 3
9063 3 5
1060 2 4
6478 2 1
2400 5 3
4278 1 4
3214 2 3
2596 5 4
2392 1 4
1678 3 3
3800 3 2
4663 1 1
7557 1 4
8692 5 4
9489 4 3
4177 1 4
4336 1 4
6464 2 5
335 1 4
7008 2 5
8617 5 3
2142 1 5
1580 3 5
7405 5 3
9475 3 3
7584 2 5
1839 4 2
1997 5 4
1937 5 2
3368 3 2
5454 1 5
1709 3 2
8722 4 1
6971 4 2
7383 3 3
3060 1 4
4517 3 1
8364 3 4
5170 5 5
9917 4 2
8605 3 5
146 1 1
7562 3 3
664 4 1
5484 2 3
5583 5 3
9473 3 2
4871 4 4
8377 3 5
1553 3 5
2443 1 3
6140 1 3
5372 3 1
99 4 5
1637 2 5
3636 3 1
8298 4 3
1761 1 3
1080 4 5
4474 1 4
301 1 3
6557 5 1
5850 1 5
6355 1 3
762 1 5
4554 3 2
3287 4 3
6007 5 2
3959 2 1
6177 1 3
6885 2 1
3263 4 4
6542 3 2
2697 2 3
3831 2 3
9001 2 2
1731 4 3
1667 4 5
1765 5 5
4342 3 1
1726 3 1
9100 5 4
6155 5 3
5616 4 1
779 1 1
7480 3 2
229 2 5
1263 4 4
4119 3 1
4213 2 4
8303 5 3
2992 4 3
792 1 1
7418 2 5
29 4 3
1808 2 4
8354 5 5
5886 4 1
8837 1 4
6015 3 2
8025 2 1
5866 5 3
4820 1 2
8676 2 4
5707 2 2
294 1 2
8960 2 5
5767 1 4
288 1 4
1597 1 4
4781 3 4
3318 4 4
9346 4 4
9424 2 5
9133 1 3
4885 3 4
4516 4 4
2309 5 1
9496 3 3
5995 3 1
2463 2 4
292 5 4
7538 2 1
6785 4 1
4514 4 4
2007 2 4
3168 3 5
3772 5 1
2119 1 4
1382 2 3
9557 1 4
8236 2 5
2916 3 5
5245 5 1
723 3 3
9822 5 4
9597 4 1
6070 2 3
1658 2 5
2086 3 4
1886 5 1
5140 1 5
9643 3 5
9162 1 4
4755 2 2
5919 3 5
1116 3 1
6865 2 1
6801 5 2
3919 2 1
7648 5 3
7492 2 2
4416 5 3
1841 3 2
1727 3 4
7914 1 1
6387 1 1
6702 2 3
4235 4 5
8135 3 3
6164 5 5
7200 2 3
9867 4 2
5218 2 1
2552 4 2
4712 3 1
4207 5 5
4424 4 3
9618 2 5
701 5 3
4771 2 3
62 5 4
8078 5 3
9489 2 2
4574 3 2
5186 1 2
413 2 5
917 4 3
8922 5 2
3756 2 2
876 4 3
5786 5 4
633 4 2
1017 3 4
2526 1 5
4761 1 5
6992 2 5
2779 4 4
3816 5 2
6075 4 1
5976 3 3
8745 3 4
8453 5 2
7145 4 4
8268 1 1
9888 2 1
7390 4 1
6917 4 1
4392 2 1
1577 1 3
7988 5 3
3162 4 5
7434 3 3
3992 2 5
1082 1 1
771 5 5
7249 2 1
5808 5 4
4660 5 4
550 2 4
920 1 4
7952 5 1
9889 4 2
3313 3 5
6332 2 3
3451 2 4
2604 3 4
759 3 2
8576 4 5
7367 4 4
2266 2 4
8773 1 4
9467 1 5
3991 4 5
8474 2 4
1056 3 5
1958 2 3
8904 3 5
6322 3 5
2732 5 1
1496 2 3
9989 2 3
1146 1 5
5310 5 4
4617 4 5
493 2 5
8949 2 1
7897 5 5
1973 3 1
1387 5 5
3924 5 3
1752 1 4
3712 2 2
109 2 2
1377 5 4
1120 4 4
4455 4 2
7878 1 1
2307 2 5
6590 5 4
6012 2 5
5635 2 1
2304 4 1
1095 2 1
1231 1 2
8989 5 2
3647 5 3
7562 3 5
6387 3 3
1485 2 4
2965 2 1
4199 3 2
561 1 1
3114 1 1
2538 1 5
5019 3 3
5877 5 4
7186 1 2
6554 5 2
3033 1 3
536 4 4
162 5 1
8072 5 5
1448 4 5
4409 1 3
8966 4 5
2894 2 3
7069 2 2
5564 2 3
8903 4 1
5634 4 1
8342 1 3
4834 1 1
7686 5 4
2837 1 5
520 2 1
9042 4 4
1845 3 4
6718 5 2
5245 4 5
3029 4 4
4165 3 3
3786 3 1
5937 4 2
9603 5 2
4189 4 3
835 1 4
7037 3 3
8864 4 5
4418 2 2
93 2 4
6985 3 3
2547 2 2
2232 3 4
2770 3 1
9119 4 2
431 2 2
6222 1 2
9778 1 1
673 2 2
2267 3 5
5857 3 4
9753 3 5
6553 2 3
7723 4 4
6738 5 2
8578 3 3
2512 1 5
5433 3 1
5418 3 1
3651 2 5
3858 1 4
3186 4 1
5782 4 3
3881 4 1
3983 2 2
9927 2 5
7016 3 4
2878 1 1
8963 1 4
4669 2 3
7802 2 4
3116 5 2
2371 1 1
1659 5 5
1762 3 5
4940 1 5
5269 4 2
9990 2 5
699 4 1
324 5 1
3940 2 5
5182 1 3
3861 4 4
4593 4 4
7589 2 1
9787 5 2
9568 4 1
2396 4 5
740 4 2
3773 3 2
7040 1 4
6400 2 5
1513 2 4
7488 5 2
9039 1 5
4034 4 3
1277 5 4
7664 5 5
7855 1 3
2751 5 2
1906 2 4
3428 3 5
1297 3 1
9716 3 3
560 4 3
750 5 1
7343 5 2
5094 1 2
7461 1 3
1663 3 3
4168 1 4
9685 5 3
5210 4 4
8514 2 2
3241 2 2
5667 4 2
8973 2 5
6405 3 4
8079 1 1
3008 3 2
5020 2 1
7735 2 5
5641 5 2
3775 3 3
5726 1 3
8534 4 4
790 4 5
1682 2 3
8024 4 4
3244 2 2
157 4 3
3698 4 5
7282 2 5
1296 3 3
487 5 4
1268 2 2
4565 5 3
5544 3 4
1946 3 1
4823 5 2
7900 3 4
8642 1 4
7709 3 5
4345 3 2
5071 1 1
9810 4 5
7552 5 4
8773 5 1
5439 3 4
7485 4 3
1866 4 5
9624 4 3
3531 2 1
4304 5 1
4070 5 4
8857 1 1
1060 5 4
9545 1 5
2689 1 1
1160 2 2
1787 5 5
4839 3 3
5337 1 1
5366 3 3
7254 1 2
9793 3 2
8134 5 3
4186 2 5
7644 3 3
8569 4 3
1866 3 3
17 1 1
252 5 1
1747 2 5
4415 5 4
39 3 1
9661 4 2
4862 3 4
9280 1 4
8947 3 4
306 3 1
8527 4 2
4217 1 5
2299 2 3
9289 1 5
2615 2 4
8106 3 3
7503 5 3
4047 2 5
7957 5 5
680 1 5
1908 4 1
3570 2 1
136 5 2
8270 1 3
5477 2 2
2083 2 4
7212 2 5
870 5 2
2459 4 1
5633 4 1
2782 1 2
4015 5 1
2939 2 1
6296 4 1
3608 3 1
1729 2 5
2670 5 2
6659 2 4
5961 3 4
9466 3 1
5159 1 4
9359 1 4
1689 3 1
4671 3 1
46 2 5
1157 1 4
8811 3 3
4370 1 5
5731 3 5
2727 1 5
8147 4 3
5936 2 5
8963 3 1
6736 2 5
8332 4 1
1176 5 4
7738 1 4
742 4 2
7016 3 2
2089 5 1
7940 2 5
8571 5 5
8854 5 3
5444 1 5
8470 1 3
6178 1 5
7894 5 4
1024 2 3
4816 4 5
2471 3 3
4787 1 4
1911 2 3
3510 5 1
9817 5 5
6934 4 2
3226 1 3
1537 2 4
883 4 5
8019 1 5
5888 5 3
6602 2 1
8833 4 2
9902 1 5
2410 5 4
6790 2 2
1676 1 5
1373 4 3
2923 3 3
2222 4 5
2219 5 3
9517 4 5
6294 3 4
9809 4 2
7571 2 2
6339 5 2
6246 5 5
1099 1 3
6442 3 4
5683 1 3
5734 1 1
5968 2 4
6238 4 5
8934 4 1
3720 2 1
7188 4 4
4853 5 3
4435 4 1
3130 1 4
4880 3 4
9087 4 1
264 5 3
877 2 3
5149 5 3
1238 1 2
9859 2 2
9552 2 2
8416 1 1
4601 4 3
1399 3 2
9604 2 2
1248 1 4
6174 4 5
530 3 4
1794 3 1
351 4 3
2310 1 3
8808 2 1
2646 1 5
4098 2 4
3523 1 2
4146 2 3
1596 2 5
7054 3 1
6111 5 3
4574 3 3
6681 5 1
5223 1 4
3621 5 4
9334 1 2
8067 3 4
5276 4 5
2489 3 4
2376 4 1
4007 4 1
7116 3 2
2087 1 2
895 2 2
457 5 4
3202 5 1
574 2 1
5396 1 1
2077 2 5
2545 3 2
156 4 1
3372 1 1
4799 1 3
4695 5 1
1826 2 3
3282 3 3
5521 3 5
1401 4 2
7574 4 3
2019 2 1
1093 2 5
1372 5 1
1279 2 4
6488 1 3
7733 4 3
6001 1 1
3095 2 5
6658 4 1
4443 3 1
8453 3 4
7222 1 2
8347 2 5
3643 5 4
4274 3 3
6948 2 5
9808 4 5
901 4 2
7520 1 5
8764 4 4
5287 2 3
9789 2 1
7234 5 5
9508 4 1
8642 3 2
7615 3 1
10 5 2
9594 1 5
199 1 4
9476 5 1
1311 1 4
7411 2 5
8072 3 5
1254 4 2
8554 2 1
1750 3 1
597 2 5
7859 2 4
286 2 2
9019 1 3
5078 2 3
3558 5 2
6934 5 4
3371 3 2
6089 1 1
7669 5 5
1420 1 2
5187 1 4
4405 4 2
1887 2 5
290 3 4
2672 2 5
9935 3 1
5083 3 5
8447 4 5
5613 4 5
9159 3 5
230 5 5
7674 2 4
3048 4 5
7746 2 4
5643 2 4
7224 5 4
9416 2 4
6140 3 3
7474 4 4
5949 3 4
8867 4 2
2400 3 2
7156 1 4
9978 3 1
6448 4 2
789 3 4
6134 4 1
3069 2 2
4726 3 2
9439 3 4
5266 2 2
2600 5 5
1939 5 4
320 5 3
3273 4 4
8839 2 2
1798 1 5
4528 4 5
6807 1 3
3041 4 3
6807 4 1
8990 2 5
8347 2 3
2332 2 4
6189 3 5
8718 5 3
5348 2 2
5664 4 1
4223 4 4
8637 2 1
8276 4 5
5275 4 4
7021 5 4
4086 3 3
319 5 3
3089 4 3
9194 3 5
6236 3 2
9500 2 5
4579 4 1
9538 3 4
8150 2 5
8762 3 4
4978 3 4
1366 2 4
2886 2 4
8703 4 5
4563 4 5
2475 2 2
8867 3 2
7826 1 3
3627 2 1
7383 4 2
2198 5 5
1192 1 2
3599 4 3
7224 4 5
7586 5 2
5388 5 4
7365 1 5
3234 3 5
9404 3 4
1860 4 3
452 4 2
6964 5 2
6403 3 1
5657 3 3
7138 5 4
957 1 4
4131 1 3
482 4 4
3746 1 1
7085 4 5
2190 5 2
9316 2 3
7981 1 3
3298 3 1
330 2 4
4381 3 5
8133 2 2
6687 1 5
4214 1 3
7154 5 5
7378 1 4
8858 5 5
2556 4 1
5473 1 1
7020 4 4
8317 3 3
5161 1 2
1337 4 3
6202 4 1
1851 5 5
4735 3 3
346 1 1
9122 3 5
2020 3 4
6024 4 3
5467 4 5
7402 1 4
2123 4 3
5115 2 1
1135 3 2
5404 3 1
704 4 1
838 2 5
7247 4 1
3722 4 3
7420 5 5
2666 2 4
4474 4 4
450 2 1
9425 5 2
3567 4 4
1759 4 3
9554 5 4
1904 4 3
7483 2 4
4192 5 4
2105 5 1
3957 5 3
6507 2 2
4212 5 5
3790 1 4
8573 2 2
3415 2 4
1359 3 4
8717 1 1
5176 3 3
7048 4 3
5321 1 4
6785 2 4
9362 1 3
6396 5 1
4984 2 5
7813 4 3
9885 1 5
8503 1 5
6594 5 3
4812 1 1
6910 3 2
4215 2 5
1912 3 4
4652 2 2
803 2 2
8162 4 4
8971 4 4
8420 4 1
7306 4 3
6315 2 3
4839 1 5
3461 2 3
7748 2 2
4999 4 4
5941 5 4
3068 5 2
2255 5 5
9238 4 2
6457 3 1
3976 2 3
62 4 5
1838 4 2
5359 2 5
6500 1 4
2793 1 2
435 5 5
6958 1 1
6785 2 4
3122 4 3
7300 1 1
2135 5 5
488 4 3
2263 2 1
3681 2 5
4878 4 3
5970 1 5
7251 2 1
5564 4 5
1231 1 2
7223 1 3
6118 3 1
934 3 5
5468 4 1
5563 4 1
3499 5 3
247 5 4
9447 3 1
5138 3 1
8317 2 2
4425 4 4
8605 5 4
6349 5 5
1869 5 2
1177 2 5
9018 4 3
5822 2 2
1149 1 4
6747 3 2
4252 3 4
8468 3 3
3921 5 4
9429 5 4
8576 5 1
2266 2 2
5558 2 4
5028 5 4
9113 1 3
2656 4 1
5125 5 2
1660 3 5
397 2 3
9122 2 1
5228 1 3
2681 5 4
3615 1 5
9934 4 5
531 2 3
4002 2 3
548 4 5
5849 5 3
6531 3 5
3719 5 1
9081 5 5
6471 3 4
4896 1 4
9843 2 4
2191 5 4
4241 2 5
5590 2 4
7256 3 1
5109 4 1
6067 1 5
7118 3 3
6920 3 4
297 4 2
3273 1 4
3001 1 2
6810 2 4
2204 4 4
7672 3 5
7086 4 4
6733 2 2
5768 5 2
7169 5 1
9362 4 3
3931 4 3
853 3 1
8602 4 1
2930 1 1
1709 1 1
1454 3 4
1221 3 5
1900 3 2
8659 3 5
9526 3 1
6229 3 1
2965 3 5
1014 4 5
5557 1 1
5832 5 4
8168 3 1
760 5 2
422 1 4
6702 2 4
5006 5 3
8558 3 1
8904 2 4
3744 4 2
6720 4 4
8784 1 2
7585 3 2
1285 4 3
1214 1 1
2783 5 5
8153 1 1
3013 3 1
2402 3 1
7840 5 3
7118 1 3
1711 4 2
5041 3 4
93 5 2
8559 4 3
8611 3 1
3304 3 5
7014 3 5
4973 4 2
258 2 1
6834 1 4
6517 2 1
2888 3 5
6407 1 5
1123 3 4
3330 4 3
9791 5 2
1595 3 4
966 4 3
6784 4 3
3706 1 3
5009 2 2
29 2 1
6773 1 4
9164 2 4
8619 5 4
3917 4 3
5268 3 4
581 5 2
1078 4 2
3383 4 2
7242 1 1
8110 3 2
4012 3 4
587 1 1
9008 4 4
482 1 5
5743 2 2
6877 4 1
1784 4 2
2634 5 3
260 2 1
2295 5 1
4034 3 1
5161 5 5
5276 1 5
5193 5 5
4083 1 3
6293 4 4
3045 3 5
6429 5 3
7103 2 5
4765 2 1
232 4 3
1372 3 3
82 5 1
3068 5 1
967 5 2
2572 1 3
6582 5 2
3900 1 4
8884 4 1
1852 4 4
5635 2 4
1036 1 3
5713 5 5
1846 4 4
5744 2 1
94 1 4
2097 4 3
3880 2 5
4983 2 5
572 2 5
7798 3 5
8107 1 5
7208 4 2
7564 1 2
7359 2 1
1845 3 3
1184 5 3
5328 2 3
168 4 5
1481 1 3
5046 5 1
8098 2 5
885 4 2
729 1 2
8486 4 4
5822 2 5
9998 1 5
497 2 5
10
32
65
112
183
228
279
456
696
784
935
982
1085
1320
1483
1563
1605
2044
2119
2355
2663
2683
2880
2929
3017
3076
3080
3092
3256
3310
3420
3587
3596
3752
3759
3774
3801
3893
4225
4292
4522
4531
4686
4797
4828
4931
5058
5463
5558
5623
5726
5789
5819
5827
5936
6052
6096
6100
6163
6208
6357
6488
6676
6742
6813
6921
6930
7234
7263
7322
7575
7664
7692
7717
7798
7833
7924
8023
8026
8212
8488
8498
8520
8533
8629
8679
8710
8886
9063
9097
9217
9224
9327
9401
9439
9538
9592
9615
9673
9880
