7000 100 7000 1
6772 4 4
8533 4 4
3850 2 3
7810 5 5
2264 3 4
5778 3 5
9230 2 5
2373 4 1
2727 2 3
2228 3 4
3906 2 4
879 4 3
4797 4 1
7559 2 2
3299 5 3
699 3 2
9318 1 3
2276 2 5
9211 2 2
2981 5 4
7346 3 3
4281 5 4
6172 4 1
4502 3 1
797 1 3
277 4 1
8786 1 3
5119 3 3
1791 5 5
5005 4 5
4013 5 3
8481 4 4
2830 4 1
1987 5 2
4213 3 1
5585 2 1
6049 3 1
7964 3 4
9964 1 4
706 4 5
1236 3 1
2024 4 5
2238 2 1
6299 3 5
5816 5 3
5605 4 2
3896 3 5
3759 5 2
9584 4 5
2682 4 3
5612 4 3
9608 4 3
456 3 1
8310 5 5
8780 4 1
8716 5 1
3298 2 4
5002 5 3
1293 1 1
3983 5 4
8039 2 4
3757 5 3
1814 5 4
8971 3 3
6818 5 3
3294 2 1
5968 5 5
2882 1 5
1833 2 5
7476 4 2
1223 2 1
7720 5 2
8266 1 4
1104 1 1
3844 2 3
6945 3 2
9508 4 3
5576 2 1
3440 3 1
8004 5 3
5430 4 4
4314 2 1
8 5 5
4446 5 1
4141 3 5
2876 5 1
5584 1 5
4294 5 3
5750 5 4
750 3 2
331 1 5
8921 4 2
5463 5 2
3213 4 5
4781 5 5
6783 4 5
6960 3 5
5563 4 3
8329 2 2
2667 4 4
398 3 2
8301 2 1
26 1 3
7991 2 5
9101 4 5
6654 4 3
9417 4 1
3181 3 1
1363 2 1
9553 4 3
1780 1 3
7140 4 5
9262 5 5
6172 4 3
5168 2 2
3439 2 5
1822 2 1
361 3 3
3488 4 4
7554 1 4
6040 2 1
3403 2 4
4736 1 5
3120 1 3
6090 5 4
9485 3 2
5232 3 4
9837 3 1
260 3 2
8830 2 2
2460 3 2
7877 5 2
6425 1 3
8035 2 3
8143 3 4
2582 3 3
5736 4 2
4367 3 1
3966 5 5
2444 2 4
8232 4 2
3185 1 1
3023 5 3
3402 1 1
6250 5 1
7408 2 3
6941 3 2
4038 4 1
4229 3 2
6903 4 4
4937 3 3
971 3 1
6939 5 3
1566 2 2
6780 4 5
1840 3 3
3070 2 3
5636 5 3
6850 5 3
9389 1 4
8310 3 1
4533 2 1
1017 1 2
3428 2 5
7178 3 1
8532 1 5
9923 3 2
3241 5 3
8690 4 3
31 1 1
6580 2 2
6341 4 4
1198 4 5
9188 5 2
7483 4 5
8092 5 2
2527 4 2
8940 1 1
8881 2 3
9225 4 3
2469 2 4
7284 3 5
6521 4 1
9323 4 3
5546 4 2
6557 2 5
6487 5 4
8133 4 5
4779 4 1
8881 3 2
8238 5 4
879 2 1
1206 5 1
7875 1 5
9629 5 5
5615 4 2
1149 5 5
5114 1 1
5145 2 3
275 3 4
2409 3 2
3584 4 2
2286 5 4
7550 3 1
8187 1 1
2481 4 4
882 2 5
3939 5 5
5087 3 2
1294 4 1
640 5 2
738 1 4
8777 1 5
339 4 5
2119 2 1
9026 2 4
6938 5 1
2303 3 4
1761 1 4
1385 1 1
1437 5 4
6856 4 1
36 1 1
8041 1 5
8246 3 3
1272 4 5
3763 1 1
723 4 5
5843 5 4
5814 4 1
4829 1 1
2533 5 4
6857 4 1
901 1 4
2860 3 3
393 4 5
5185 4 2
2365 4 4
5428 1 5
2873 4 3
2140 3 3
964 2 2
7964 4 4
3117 3 4
3574 5 1
7440 2 5
6585 5 5
6555 3 4
2637 4 3
1332 4 3
5850 3 3
7494 1 2
9018 2 5
9036 5 1
445 2 2
2224 2 4
9387 4 3
3796 4 3
5376 3 4
5996 1 2
2969 5 1
8850 4 1
4654 4 4
4062 3 1
5026 4 3
9747 1 2
3823 2 2
9734 1 1
1564 4 5
3374 2 5
6341 2 3
4486 1 2
8966 5 3
8900 1 4
1047 5 2
6943 3 3
654 5 3
7347 5 4
2813 4 1
3979 1 2
512 2 1
4814 3 4
7602 2 1
7523 3 4
6618 5 5
9741 1 1
8337 2 1
4123 4 3
9779 2 4
6772 4 2
4683 5 1
3235 4 5
4905 2 2
7096 1 1
2250 5 1
8933 2 4
4709 5 2
5065 4 5
917 1 4
9896 5 2
5600 5 2
7728 3 1
6884 2 4
1126 4 5
2395 3 1
6512 1 2
3484 1 3
4617 2 2
4962 1 3
8726 4 4
9097 5 5
210 4 3
7609 3 5
7855 2 1
7488 5 2
6430 1 2
4324 1 3
7171 4 5
9080 1 1
8738 2 1
8287 2 5
7224 3 5
5897 4 3
1190 3 2
689 4 4
9067 2 2
8412 4 3
1190 2 4
9026 5 2
7798 2 2
9737 2 5
7508 5 5
3860 2 3
8365 2 2
8398 3 4
2590 1 2
6705 5 5
2201 1 2
6796 3 1
5398 3 5
3166 4 3
7310 2 3
7757 2 5
7643 1 3
8602 1 2
1797 5 3
2659 3 5
4482 1 3
407 5 1
860 3 4
1113 4 3
5228 4 1
7998 2 2
2306 4 2
9694 1 2
9954 3 4
5180 5 2
5337 2 2
3171 2 5
1229 5 4
1508 4 4
4848 2 2
6843 1 1
4073 3 3
1499 3 5
2768 5 2
7594 2 3
3259 3 2
5480 1 4
603 5 1
2552 4 4
9251 4 5
6462 5 2
53 5 2
8559 1 5
5826 4 4
6549 2 1
8595 2 3
7152 4 1
6011 1 1
5812 1 3
227 4 3
1642 3 5
6340 4 5
2028 3 1
6867 1 1
3936 5 5
9328 1 4
9578 5 2
1154 4 5
2962 3 2
2627 2 5
7460 4 2
4484 1 2
1886 5 5
401 2 2
5006 5 4
6553 3 4
2081 5 1
3244 2 2
2042 2 4
1963 4 1
7413 5 3
6239 3 2
124 3 1
4494 4 4
5943 2 1
4363 3 4
6332 3 4
7962 2 3
9425 4 1
9182 2 1
119 1 2
1143 4 3
1583 2 1
6444 2 4
7683 4 1
4972 3 2
9180 1 3
1596 3 3
3566 5 1
3656 2 5
9670 4 1
2276 4 3
2324 1 5
2566 2 4
1251 2 1
5138 2 1
4334 4 1
9869 3 3
4771 5 5
2099 2 1
3906 3 2
8633 4 5
8902 5 3
6726 5 1
9796 2 1
2209 2 5
8972 1 2
2412 2 4
4209 5 2
3432 5 2
9949 1 4
5361 1 3
4598 2 1
9995 4 3
7296 3 2
6705 4 1
2622 1 4
7564 2 1
1357 5 1
9854 1 1
5962 5 1
2077 1 1
1176 2 5
4985 5 5
4491 5 4
3999 1 4
2361 2 2
7470 3 1
782 1 5
5153 5 4
9011 2 1
2726 4 2
568 1 5
3935 1 1
2515 1 5
6565 3 1
7097 4 2
7106 4 5
7363 2 2
7030 1 1
1886 4 1
9981 4 1
5496 2 5
5890 3 4
7831 3 4
4249 3 2
6753 2 2
2695 4 3
4990 4 4
8462 4 2
8379 2 5
8124 4 5
2961 4 2
1307 1 5
6840 1 5
5053 4 1
519 3 1
7455 1 3
5675 1 3
1949 3 1
2252 3 4
3893 4 1
7196 5 5
1393 2 5
1460 2 2
7943 3 2
4081 2 3
5052 3 5
9802 5 3
919 3 1
5455 4 2
3755 5 4
8429 2 3
1018 4 2
8558 4 5
2307 1 4
2885 1 5
2499 3 1
9847 4 3
552 3 4
3503 1 5
4331 5 3
6502 2 4
218 3 3
2552 5 1
7910 2 1
9993 1 4
5574 4 3
3562 1 3
1619 5 2
7551 1 5
5730 5 4
2133 1 4
9337 2 3
3105 3 1
7169 5 5
4696 3 3
8406 5 4
8047 2 1
6584 2 3
4005 4 4
1601 5 1
3542 3 1
952 2 2
7388 1 1
9601 5 5
9753 1 1
9160 3 3
4980 3 5
9614 4 2
359 1 2
7305 2 3
4309 1 3
179 5 1
5734 4 3
9811 4 3
5682 2 2
6860 1 2
5596 1 2
2372 5 5
146 2 5
6743 3 2
3138 3 3
3569 2 3
6050 1 4
3864 2 3
3926 2 1
6143 3 5
6108 5 4
1030 1 5
1668 1 1
528 2 3
524 2 5
4149 4 2
107 5 2
419 1 5
7488 1 2
615 1 1
7167 2 1
4131 3 2
5302 2 4
9236 5 4
1289 3 2
5531 3 5
9366 1 4
3397 5 3
8954 4 3
6173 2 5
2094 2 4
1891 4 3
4244 3 4
7450 2 5
3238 5 3
1231 3 1
5844 3 5
8275 5 3
5658 1 3
8666 5 1
2682 2 5
6574 2 3
6103 3 2
970 2 2
2984 5 2
3634 3 3
2255 4 4
7360 4 5
7227 4 4
3565 1 1
9026 2 4
7093 2 5
7456 1 3
3326 1 3
2902 2 2
9722 5 1
6180 1 4
6422 5 5
9218 5 4
8974 5 4
690 4 3
2431 2 3
8124 4 1
8733 3 1
9941 5 5
2982 4 2
6479 2 2
5590 2 1
176 2 2
4228 3 5
561 4 2
7052 4 3
5520 5 4
1249 3 1
2064 3 1
4663 2 1
6045 5 1
4570 3 4
242 5 5
105 4 1
5787 1 5
3798 2 4
6382 3 1
4808 5 2
4963 4 3
5893 3 5
6707 4 5
8813 2 2
2665 3 5
3454 5 4
7013 3 5
5499 3 5
5270 1 3
4036 2 5
3052 4 3
3754 5 2
1556 4 3
9222 3 3
3942 3 1
7472 3 3
8356 1 1
5805 2 4
5741 2 2
7459 5 2
1199 5 4
7580 4 5
5948 4 5
1224 2 4
4109 3 2
3773 3 1
9635 1 3
5099 3 1
2231 2 2
8269 5 4
931 1 5
5320 5 4
5300 5 3
8346 2 4
4956 3 2
8242 3 5
8031 2 5
7818 4 5
315 3 5
4217 4 4
1910 4 2
9659 5 2
2443 1 1
3318 4 4
6357 4 2
6301 4 5
1141 3 1
2952 5 3
5620 5 5
614 1 3
3001 3 4
1912 5 2
3039 1 2
154 3 5
6344 5 2
721 2 1
8565 2 1
8649 2 1
3893 5 1
9193 3 4
3607 1 5
2918 5 1
2241 1 1
4569 3 3
2018 1 2
4885 5 3
1583 5 4
6616 3 4
6221 1 3
7750 4 1
6415 5 4
2112 3 5
2774 4 5
8310 4 5
5799 2 5
8756 1 3
7561 2 1
9863 2 3
4316 5 3
8638 3 2
3212 5 1
8379 4 4
6805 1 4
878 4 3
1790 2 3
7888 4 1
9580 4 2
6998 2 3
8982 5 5
9706 4 3
6856 2 4
8959 5 4
2609 4 2
7666 2 3
2700 3 3
1587 1 4
1808 5 5
595 2 3
7875 4 1
2410 4 5
2387 3 2
3619 5 3
1358 1 3
9951 1 2
5002 2 4
877 4 3
1227 5 5
2415 4 2
8956 1 5
1236 3 4
3449 1 5
4003 2 2
2938 2 2
2032 2 5
9891 2 4
9530 5 1
7510 4 3
8711 1 2
70 2 4
940 4 4
4971 3 2
1757 4 5
46 2 4
335 1 2
5622 3 5
6404 1 2
210 2 2
2850 5 5
3333 4 3
6626 1 3
8714 5 2
288 3 4
2537 1 1
7144 2 4
1415 1 4
2017 5 4
3179 2 4
7174 2 4
4262 3 3
1580 3 3
8252 5 4
3839 5 3
671 4 3
1687 4 1
4994 3 5
3408 2 1
5690 3 4
2145 3 4
190 4 2
7945 5 2
820 2 2
5187 4 3
6440 2 4
6554 5 5
3662 2 3
5493 4 1
6956 2 2
6864 5 3
5597 3 3
7825 1 2
5475 2 2
2667 4 1
8544 2 2
9862 2 5
6544 1 2
5235 3 4
2626 4 1
5623 2 1
7083 3 5
655 4 1
4748 1 3
5927 3 5
8379 3 1
3868 4 2
1855 3 5
5468 1 5
3164 1 1
1179 1 3
1390 5 2
6624 3 1
970 4 4
3691 4 1
6435 3 1
6267 2 2
7250 2 4
7661 4 1
8757 2 2
6585 1 5
4673 2 2
753 2 2
8900 3 1
8090 2 5
9008 3 5
2066 4 1
2927 4 3
5933 5 4
8785 1 4
5117 1 2
9666 1 4
6486 3 4
6795 1 4
9057 2 1
3493 3 2
3748 1 4
2174 3 2
8666 1 1
5849 5 5
8826 5 2
7625 2 4
275 1 2
7080 1 2
8099 5 4
6058 2 1
3495 4 4
9624 3 4
9967 2 3
3930 1 3
3571 5 2
7649 2 5
2794 2 1
9557 1 2
9900 1 4
811 3 3
893 5 3
152 3 1
3897 3 3
1408 3 5
7443 2 5
5117 2 5
7264 2 3
1192 2 2
8000 1 4
4959 1 5
5920 2 1
7674 4 5
8277 4 3
4260 1 4
907 3 1
8861 4 5
7467 3 2
4501 3 4
6738 5 3
6983 4 4
4915 3 1
9821 3 4
6259 1 5
4781 1 1
2805 2 2
3969 1 2
911 5 1
7078 1 5
3655 2 2
9186 3 4
9029 4 5
2070 2 1
2518 3 5
9387 1 5
517 4 3
2316 3 1
2861 2 1
9658 2 5
7608 2 1
7000 1 4
7296 3 2
3678 4 2
4083 4 5
2717 5 5
6220 3 4
6144 4 5
9330 1 1
6114 2 2
5062 2 4
4503 4 2
586 3 3
8698 5 3
3197 1 4
6124 3 3
889 4 5
5851 1 1
758 3 5
6392 1 1
923 5 3
9627 1 4
7244 1 3
5505 4 3
4144 2 2
7345 5 2
7975 2 2
5349 1 3
8014 1 1
5039 4 2
6888 1 3
2761 5 4
5509 5 1
2989 5 1
9980 4 2
9718 2 5
4304 3 4
7675 1 1
5548 5 3
3762 3 2
3665 1 5
329 3 1
901 3 4
4678 4 2
141 5 1
7324 2 4
378 3 2
7477 1 3
604 5 4
5821 3 5
1970 1 4
901 3 2
5244 3 2
4914 1 5
2396 3 5
428 4 2
9633 5 4
4103 3 5
6005 2 2
9087 5 2
9774 1 1
5003 2 3
5105 2 3
693 4 3
8237 3 2
821 5 2
6602 5 3
5689 3 4
1553 4 2
191 1 5
2641 4 2
8577 2 2
5684 1 3
2437 2 2
2446 5 5
3080 1 2
2021 5 4
1809 1 4
1773 5 5
2796 2 3
5504 1 4
1929 4 5
2888 2 1
3791 4 1
2971 4 1
773 3 4
1706 5 3
2801 5 3
9312 3 3
9099 2 2
1126 5 5
3473 2 3
6832 3 4
8095 3 4
1805 3 3
9555 4 5
5005 2 5
3281 5 1
355 4 1
1418 4 1
6045 1 1
7741 5 4
205 4 2
3152 5 5
5184 1 4
6483 1 2
3795 5 1
2751 3 1
6944 1 3
889 4 1
4396 1 5
75 4 4
7053 1 2
9564 3 1
9680 4 1
589 3 4
3006 4 2
7736 3 2
1215 4 1
7575 2 5
8290 2 5
4345 4 3
8148 5 2
5152 3 4
3093 2 1
8105 5 3
3547 2 2
531 3 5
4032 4 5
7898 3 4
4762 3 2
4709 3 3
8625 4 4
7131 3 5
9147 5 4
3425 3 1
1788 4 3
3351 4 4
658 4 5
8801 4 5
3942 1 4
7049 2 4
8927 5 4
5074 4 3
7096 4 2
1920 2 4
4181 5 5
1192 5 5
4326 3 4
5877 2 1
2026 1 3
4443 2 2
1225 1 2
8612 4 5
6498 5 3
8779 2 5
1839 4 5
3461 2 5
9361 5 3
163 2 4
8711 4 4
4106 4 2
6672 3 3
3814 5 2
1684 5 3
5584 4 1
4361 2 3
501 3 4
8401 5 1
5165 4 1
6781 3 5
7516 1 4
8907 1 4
6969 3 2
3363 2 4
1905 3 3
5361 3 5
9656 2 2
9162 1 1
8620 3 3
1658 3 4
4325 1 5
3730 4 4
4702 1 2
5270 5 5
8810 4 3
8614 1 5
5478 3 2
8154 3 2
2616 2 4
6927 4 1
7557 3 3
2144 1 3
2274 2 1
6715 4 4
784 4 5
2468 5 4
6025 3 5
3839 2 3
6671 3 3
1782 3 5
2160 2 1
7874 4 2
7393 5 2
7083 5 3
6421 2 2
9463 1 5
7691 4 1
1508 4 2
1871 2 2
4187 4 4
2948 5 1
4036 3 1
9165 4 4
6090 3 1
4300 1 4
3505 3 3
8864 2 5
8868 2 2
8343 5 5
9109 3 1
2181 4 5
2747 4 3
8467 4 4
3792 4 2
4424 3 2
501 5 5
3583 5 2
5518 2 3
1066 3 5
2375 4 1
6858 2 5
6745 1 5
4297 2 2
8567 5 3
7402 3 3
4679 1 4
1152 4 2
9756 4 4
8682 4 1
9521 1 2
1540 3 3
8810 4 3
6186 5 4
737 2 5
7732 1 2
8122 1 1
4181 2 5
6396 5 2
9300 2 2
107 3 5
9901 2 2
7667 4 2
9166 4 5
8498 5 4
679 2 3
5954 2 3
6923 3 1
6054 2 5
5099 3 4
7457 1 2
4195 4 3
6097 5 1
3664 4 1
8618 3 3
3917 3 5
6918 3 4
1179 4 2
112 1 5
9450 5 2
5032 4 5
552 4 3
6461 3 5
2893 4 5
9399 3 2
7834 4 4
5234 4 4
743 5 4
1107 4 1
6978 2 1
8478 1 3
9918 3 2
1961 1 4
4539 5 3
1637 1 2
9099 4 2
7946 4 1
6721 3 1
2499 2 4
4995 3 5
836 4 1
8553 3 4
6974 4 5
4593 4 4
366 2 3
3728 3 2
7256 1 3
9206 3 1
2568 4 2
4363 1 2
8065 3 5
9518 1 3
4817 3 4
7374 3 5
2216 4 2
5997 3 5
6653 2 5
1342 3 2
2343 3 2
8511 1 4
2563 4 2
7476 2 3
448 2 2
5114 5 5
4108 2 3
9532 5 5
9852 1 3
3624 2 4
3149 3 4
6033 5 4
2739 2 3
633 2 1
8715 2 4
6627 1 4
7220 1 3
4785 3 4
8602 1 3
8665 4 3
3050 5 2
4995 4 2
698 5 1
4894 2 4
2634 5 1
2118 4 4
8483 5 5
9104 4 2
5471 4 5
6340 4 2
5435 2 1
4887 2 2
9845 3 4
1445 4 5
5474 5 3
6881 4 3
82 2 1
1691 5 3
7675 1 3
7517 3 4
9387 3 5
6960 1 1
137 1 1
6201 1 5
9390 5 2
4577 4 3
7686 3 5
5643 1 5
3067 1 3
5087 1 2
135 3 3
4349 3 3
4883 5 4
8907 1 4
9430 4 3
8348 3 4
1408 2 5
9908 4 5
9057 5 4
8340 2 1
7204 5 4
2429 2 3
7715 1 3
5544 2 4
2689 1 2
3970 2 4
704 1 3
9799 1 5
5354 1 2
4636 3 4
6331 4 5
3050 2 2
4844 1 1
4557 5 5
2598 2 1
8463 3 5
5796 2 2
4612 5 1
1514 5 3
4954 1 5
1606 2 5
7607 4 3
5488 5 4
2457 1 2
4017 5 1
4800 5 5
4138 4 4
2893 4 1
1139 4 3
9824 2 4
9940 5 1
2987 5 2
8528 2 2
2782 4 5
168 2 1
8802 3 5
6295 1 3
5481 3 1
1378 3 1
3308 4 4
6656 5 3
9909 2 3
4196 2 3
5615 3 1
1348 2 4
1227 4 2
9274 3 5
7272 4 1
4074 5 4
8877 1 5
6037 5 3
3588 1 5
2410 3 5
1235 4 3
2172 3 4
2781 4 5
1383 4 3
3553 4 1
1321 5 4
6862 3 1
5923 5 3
3610 3 5
8418 1 1
1694 2 5
5739 5 5
2038 2 1
775 2 1
5158 4 2
1075 3 1
776 3 2
1383 4 3
7566 3 1
6678 2 4
2915 1 4
7966 5 1
3888 3 4
3391 4 1
2657 1 1
7095 4 2
8555 3 1
1495 2 1
6983 5 5
9155 2 1
3401 4 4
132 1 1
4231 1 3
7959 4 5
7570 4 4
30 3 1
4671 3 3
701 5 4
8938 1 1
558 5 1
5942 3 1
8242 5 5
9804 3 2
1864 1 3
5254 4 4
3500 3 2
533 1 1
489 2 2
6421 4 4
8181 1 1
1545 1 5
7458 2 4
6256 1 2
2971 2 2
3036 1 4
1933 2 5
7638 3 2
2935 2 4
3134 2 3
9465 3 3
9436 3 1
7607 4 2
8507 4 4
4253 4 2
5035 3 5
674 4 4
8311 5 3
1326 3 1
7110 3 1
3258 4 1
1752 1 4
5830 5 5
300 5 2
3897 2 5
3610 2 1
8151 5 2
2752 5 4
5255 5 3
4554 5 2
2263 4 1
4437 2 2
3308 2 1
8915 4 3
3426 1 2
181 5 4
9388 2 1
8562 1 1
2103 4 1
6784 4 1
7538 2 3
7675 4 4
3470 2 4
9954 4 4
221 5 4
1532 5 4
6534 4 4
5829 5 4
7491 1 1
5270 3 4
152 3 5
9694 1 1
6390 2 5
4287 4 4
5559 4 2
9790 4 4
8558 5 5
572 3 1
6357 3 2
6288 3 5
1406 2 3
2515 2 4
9867 2 1
9288 3 3
1070 2 5
9679 5 4
329 1 2
4931 3 1
6196 2 3
7792 4 5
6643 2 3
8034 4 3
1551 4 2
2093 2 4
7861 1 5
3493 2 4
63 5 4
2630 1 2
1750 3 1
5882 3 5
1103 5 5
5041 1 3
5632 3 4
9124 3 3
2340 1 5
1396 3 2
400 4 1
6050 3 4
1725 5 1
1785 1 3
5648 5 5
8147 5 1
776 4 5
8024 3 3
3715 2 3
4915 1 5
1434 3 4
4210 2 4
4202 5 5
3856 4 4
5272 4 3
3278 5 3
3468 5 1
1085 2 2
1588 1 2
3189 5 2
1303 2 4
1392 5 3
4329 2 3
528 5 4
9826 1 3
3575 2 1
2519 4 4
6135 5 2
2008 2 5
7693 4 5
56 4 4
949 3 1
8222 1 4
4243 2 4
3761 1 5
6234 5 2
9990 5 5
8954 5 3
6286 3 1
9546 5 1
1683 5 1
5751 3 4
6691 4 5
3060 5 1
2470 5 1
1153 1 3
7147 2 1
5230 2 4
1023 4 2
2287 3 5
7525 3 4
8668 1 4
5238 3 5
4805 3 2
7957 3 3
3188 5 3
9033 4 5
5640 5 4
6904 2 4
2473 3 4
6602 2 4
1420 2 1
8358 3 4
3258 3 4
6609 5 1
1484 4 3
1015 5 5
6453 3 3
3006 2 1
8335 4 3
34 1 3
6091 1 1
587 1 5
6750 2 2
5991 2 2
1760 5 3
6250 2 1
104 2 2
5394 5 3
5050 5 5
3985 1 5
1459 3 1
8475 1 2
7405 5 3
1223 4 5
6180 5 1
3279 2 5
166 3 1
9835 5 4
1686 3 1
4718 5 5
21 2 4
3752 5 4
7632 2 3
2757 4 5
7235 4 2
528 3 3
1699 2 4
1289 3 2
3470 4 5
8252 1 2
971 2 3
8138 3 3
6403 4 5
2597 1 2
691 1 2
602 2 4
5940 2 5
4622 2 5
6807 3 3
3035 5 1
6888 2 3
669 2 4
4144 1 1
2227 2 1
5795 5 2
5592 4 4
8122 1 1
391 1 2
9055 2 3
1033 3 1
1951 3 4
2612 1 5
7623 4 5
3101 3 1
3984 2 2
8198 4 4
1269 1 1
5927 2 3
3760 2 1
4893 5 4
3674 4 2
5139 1 4
4944 3 2
591 4 2
2308 1 2
6801 3 5
302 2 5
5246 2 2
9499 3 5
1051 4 2
4162 3 5
3378 1 4
3398 4 5
2743 5 3
2276 2 5
3768 3 1
311 5 4
7293 1 3
9434 3 5
4364 1 3
9058 2 2
7222 2 1
6481 4 2
731 3 3
1122 2 1
2482 5 2
106 3 1
4979 4 1
484 4 5
1679 4 2
2165 5 5
5118 1 5
3657 5 4
6982 4 4
5034 1 3
925 1 1
7792 3 5
2997 5 1
4928 3 3
4835 5 1
6676 3 1
4085 4 3
4874 4 4
7352 2 3
2477 5 2
6811 5 3
7347 4 5
1324 5 5
3237 4 1
9943 3 3
5281 3 1
2522 2 3
8551 4 4
6130 3 3
4858 2 4
9200 3 3
5879 1 4
2950 1 3
6183 4 5
6068 4 5
6028 4 4
1545 2 3
6968 3 5
7092 1 2
7166 4 1
78 2 1
5589 1 1
95 4 2
5839 4 5
8471 3 1
9609 3 4
995 4 5
7587 4 4
7360 1 1
7837 4 3
6941 5 3
9212 3 4
7778 5 1
5030 4 1
4418 2 4
5217 2 5
6165 2 2
2803 4 3
9284 1 2
3254 2 3
1981 1 1
9227 2 4
925 1 3
2688 4 2
1786 5 4
6414 3 4
9798 2 5
7126 2 2
1048 3 1
1858 1 3
2624 3 3
464 1 1
4503 4 1
1518 1 5
6027 3 4
4363 1 3
5690 5 5
339 5 4
9569 2 2
6399 1 2
9193 2 5
3681 4 1
1803 1 3
894 3 5
1159 2 5
3325 5 2
5269 2 5
4887 3 5
920 3 3
9762 4 2
3021 2 5
5108 4 5
7042 5 1
9223 2 3
8493 3 5
1077 3 1
8748 5 2
1188 2 2
6321 4 5
1927 3 5
8115 4 2
8299 1 2
5828 4 1
5052 3 3
4479 3 5
7670 3 3
2634 5 1
6617 2 4
2388 4 5
3857 2 5
4516 3 2
3591 2 4
3110 4 4
8008 1 4
4809 2 3
2431 2 4
1537 2 3
2828 5 4
3937 5 5
5231 2 1
9374 3 1
4038 4 4
9922 4 4
1355 5 3
8783 5 3
7703 2 1
3462 2 4
1523 5 1
9869 2 3
3043 5 1
7866 4 1
5388 3 3
3809 3 1
7585 2 4
8429 3 4
7516 1 4
5956 1 2
2571 3 5
970 3 4
401 3 1
7035 5 1
5773 3 1
7895 2 4
8152 5 5
3595 1 2
8858 1 4
9536 1 4
7673 2 2
444 1 4
9439 2 1
6675 5 5
1156 3 3
1620 3 2
5900 1 1
6074 2 2
6693 5 4
5828 2 1
5371 1 1
8254 5 3
6658 5 2
6712 5 1
5397 1 4
6149 5 4
9002 3 3
6702 1 5
3460 2 4
1394 1 3
8709 1 3
271 3 2
7503 2 1
6447 1 1
8706 3 5
1446 5 3
8119 4 3
203 5 5
1723 2 1
9195 5 5
9314 4 2
7560 3 1
4749 5 1
9733 5 3
319 5 2
8863 3 2
3658 5 5
7178 3 5
6173 3 1
9770 2 3
6852 3 1
3946 1 3
6414 1 5
1090 2 3
7885 1 3
1577 5 2
9153 4 4
3718 2 4
9782 4 1
607 5 2
5769 5 2
5556 3 1
2947 2 1
4797 4 5
8180 3 1
5525 3 4
8154 5 5
8112 5 2
8926 3 2
7980 4 4
2760 4 4
1888 5 1
1666 1 4
7105 5 2
2342 1 3
5677 3 2
5550 4 5
6514 4 2
487 3 4
5735 4 3
7407 3 2
2371 4 5
6065 2 5
1244 2 5
2735 5 3
6620 5 5
6988 3 1
53 1 3
916 2 2
952 2 5
3058 2 1
6838 4 1
4424 3 2
8763 4 2
8313 2 5
6857 2 3
6070 1 5
5706 1 3
6824 4 4
9483 2 4
4799 4 1
7680 1 4
7927 5 4
4595 5 3
1227 4 4
7487 2 5
2524 1 1
8377 4 2
819 2 2
9567 3 5
9834 4 4
1805 4 1
4043 5 3
823 1 3
7884 2 3
1567 2 4
7610 1 3
4683 1 2
5963 3 3
9496 2 4
6130 5 5
6499 5 4
7005 4 1
5588 2 4
6697 5 5
8571 1 5
7491 4 2
1569 4 3
8152 3 3
7359 2 1
1219 2 1
5548 4 1
9466 3 2
7890 1 3
5605 5 4
1339 3 2
9114 4 1
9707 3 2
119 1 2
192 4 2
5259 2 5
1055 4 3
7823 1 5
6048 3 3
6286 2 4
9073 2 5
4548 2 4
8500 2 3
8573 3 3
1318 5 1
3168 1 3
6881 5 4
7830 4 2
3940 4 4
2264 1 1
2823 5 3
5207 4 5
1328 4 4
3454 3 1
3767 3 2
365 4 5
689 4 3
282 4 2
1079 1 3
4801 5 3
6799 2 1
349 5 1
1977 3 5
9069 2 4
1675 3 1
7929 2 2
4517 1 5
6340 5 2
7801 3 3
9284 1 5
1389 3 5
1480 3 2
7176 3 1
7811 4 1
4459 3 5
4132 3 5
4085 3 5
80 1 4
2769 5 2
137 3 1
4262 5 1
5539 4 5
9459 5 3
6596 1 4
3514 4 5
2251 1 1
9188 3 4
2886 2 5
8338 2 5
6352 3 5
8132 2 4
1082 1 5
2174 3 2
4088 4 3
4100 3 5
2204 3 1
5985 2 2
131 3 1
2912 3 5
2332 3 1
4338 5 4
3165 4 5
3383 5 2
2323 5 5
8700 4 4
9185 3 5
5662 2 2
6221 4 1
3876 4 5
7233 4 1
8143 1 4
8833 5 4
4273 1 1
3005 3 1
9910 5 4
4395 4 1
4311 2 4
4553 2 4
3253 1 3
9368 1 2
4123 1 4
1018 4 1
7459 5 2
3987 3 5
4742 1 1
8675 5 5
9742 3 3
3498 5 4
543 3 4
2346 3 4
1985 5 4
5628 4 1
8382 2 5
7891 5 4
476 5 5
4960 1 1
1995 1 2
1855 3 4
8238 4 4
6318 1 5
3968 1 4
4333 4 4
9962 4 3
4407 2 1
4712 3 1
7350 1 3
3710 1 3
1301 3 3
1715 1 4
5212 4 4
8466 2 1
6300 3 4
228 1 2
9958 3 2
9431 3 5
8164 2 3
4801 4 4
3905 4 3
9134 2 4
8687 2 1
1312 3 4
6401 1 3
7559 4 2
1324 5 2
6954 1 4
1190 2 1
6846 3 4
4159 5 4
7389 1 2
1745 1 2
4616 2 3
8902 5 3
6524 5 2
3506 4 4
3928 4 4
6519 3 3
4236 1 2
9173 4 5
2769 1 4
2731 3 3
4843 2 2
6428 1 1
6622 2 1
9197 3 3
4 2 2
3962 4 1
2533 3 1
220 4 5
8663 2 1
9831 5 4
8360 5 3
306 4 3
8473 2 1
2886 5 5
5818 4 1
8633 4 1
5445 1 4
9842 2 3
8042 1 1
6384 4 5
3438 1 1
972 4 4
8654 3 4
7549 2 1
9088 4 4
5393 3 1
5842 5 5
9687 1 5
1910 3 1
4981 5 2
3237 1 5
7329 4 3
640 4 4
3132 5 1
5864 5 3
7465 2 1
861 3 3
1047 3 4
6286 1 5
4283 1 1
7670 1 5
8527 2 4
5533 5 5
9310 2 1
5543 3 5
1187 1 4
5971 2 5
4906 1 4
4949 5 1
7104 3 4
7661 2 4
5214 4 3
7718 3 5
311 3 2
5992 3 3
4051 5 3
1351 1 3
5543 5 1
389 1 4
6456 3 3
7663 3 4
1266 2 1
9861 2 1
4421 4 2
5640 2 1
7391 4 2
1821 5 4
5442 5 3
528 4 1
371 1 4
882 3 5
4220 1 2
1683 2 2
8589 1 2
5366 4 5
7205 2 3
7612 1 1
944 4 4
963 1 3
8105 5 4
385 5 5
3380 5 1
4352 1 5
5766 3 1
3578 2 5
2004 3 5
8963 3 4
345 2 3
3837 2 3
6963 3 2
3620 3 1
4520 2 2
4918 5 3
1541 2 1
1293 2 1
9307 5 5
9294 2 5
5272 3 2
1926 1 1
1200 2 1
9947 2 2
9528 3 3
8633 2 2
5641 4 5
858 2 4
9748 1 1
7182 3 3
8941 4 2
4587 2 2
626 5 1
5379 5 3
8624 4 2
5994 3 2
1894 4 2
9417 1 4
2614 3 4
490 4 4
618 4 1
7170 5 1
1400 1 5
1373 3 2
9623 3 5
8265 4 3
4564 5 3
1611 3 1
526 1 1
3162 4 3
8371 2 1
2570 4 2
5443 5 5
3994 5 1
7496 3 1
131 4 2
6923 5 3
3607 4 2
4548 1 4
6981 3 1
4452 2 5
715 1 5
5479 4 1
6801 2 5
794 5 3
5437 4 4
9960 5 1
7037 4 3
4682 4 3
7702 3 3
2167 4 4
9710 2 5
3045 4 3
1181 2 1
230 3 4
6193 3 1
5319 4 2
4416 5 2
4422 5 4
4848 2 2
4209 3 1
4479 5 5
8281 4 3
9756 1 1
3387 4 1
3412 4 5
7327 5 2
8863 3 2
120 2 4
4714 2 1
9656 2 2
4907 3 1
6527 5 1
8402 4 4
1923 2 4
7353 4 1
6930 1 4
8267 3 5
1707 1 2
7255 2 2
5330 5 1
2012 3 1
675 2 3
7178 3 3
9826 3 3
1125 3 1
309 1 3
9759 4 5
5807 3 4
4390 1 2
449 4 3
1956 4 3
42 2 5
6093 4 5
5682 2 4
5435 2 3
9182 3 5
3140 5 4
1397 5 2
1822 1 3
4055 5 1
3702 5 5
4970 2 3
7730 2 2
5588 1 5
2334 5 5
4791 3 4
5390 1 2
8785 2 5
5560 3 4
9362 1 5
8694 2 2
1529 3 1
5942 5 3
1882 4 5
6403 4 5
5723 1 1
4936 2 4
8512 4 2
9186 5 1
1844 1 3
7394 2 2
4188 5 5
4651 5 3
9876 3 3
3664 3 1
8256 5 1
2949 2 2
1188 2 3
5881 4 1
5579 5 1
4243 4 5
9318 3 1
9410 2 2
923 5 3
7446 1 2
3050 3 5
1284 4 1
6682 4 2
4031 3 3
3519 2 4
8463 3 2
6875 3 3
3851 1 3
3318 5 4
9600 2 5
1173 2 5
7028 2 1
648 5 3
208 5 4
6035 4 3
6753 1 1
6052 3 5
5626 2 1
337 1 4
3405 3 4
881 5 5
8708 1 5
6670 5 1
8922 5 3
5240 2 2
287 5 1
12 3 5
6563 4 2
686 4 3
3247 1 3
5026 3 2
2596 4 1
1811 5 3
69 5 2
6810 3 2
6958 1 5
9822 3 5
3066 4 2
6187 5 4
1644 1 3
7622 5 1
8913 3 2
7499 2 1
2157 2 4
7689 1 3
1324 3 3
3265 2 1
7471 3 4
6212 2 3
5577 3 2
6869 2 1
35 2 2
2696 3 2
315 4 1
3014 5 4
7056 1 5
4339 5 4
7916 3 2
1219 1 2
8788 1 3
6912 4 5
5457 4 4
8069 1 5
7632 3 5
1712 4 4
967 5 1
390 1 5
3797 3 4
9666 5 4
3880 4 3
1139 4 4
5450 5 3
3158 5 5
8268 4 5
8733 5 1
2675 1 3
9801 2 1
6029 2 2
481 1 2
3569 4 5
6596 3 2
1724 4 4
8010 2 2
1033 4 5
1977 1 2
5067 2 5
1586 5 1
7982 1 3
1880 1 3
7487 4 1
5937 1 4
2604 4 1
4600 2 4
1866 4 3
2474 4 3
7880 1 5
3161 4 2
1558 3 3
4099 2 5
9231 3 2
5884 1 4
5513 4 5
6545 2 3
3861 5 1
6663 2 2
1178 1 4
1007 5 2
4348 5 1
3750 3 2
9794 3 4
2410 5 1
248 4 4
9916 2 1
9116 5 1
7292 5 3
2923 2 3
8009 3 1
7789 3 2
7705 4 5
6799 3 3
2626 1 1
1281 3 3
5435 1 3
689 3 1
7191 2 1
5714 1 1
4462 5 4
7438 4 1
8921 2 1
7439 4 1
463 4 5
6662 5 2
7854 2 2
7104 5 4
9102 5 2
63 3 3
4368 5 5
6557 4 4
4234 3 1
591 4 4
9910 4 3
1773 2 5
4169 1 1
4605 2 2
9814 2 4
3345 1 4
8783 5 1
4364 4 3
9487 3 2
7827 5 1
7733 2 3
2323 1 3
3234 5 1
1019 2 3
2192 3 3
3041 3 5
4946 1 4
5337 5 3
1307 5 4
7842 3 1
4534 4 5
5303 2 5
9733 1 2
4633 5 5
3711 3 4
5709 4 4
4287 3 4
1870 3 3
3748 1 4
3378 1 1
205 1 3
2961 3 2
5343 2 2
4746 4 1
7268 3 3
8357 5 5
866 5 5
3858 5 1
2678 5 3
7732 2 5
2164 5 2
1727 3 5
4811 3 1
3855 4 1
480 2 1
8256 4 3
410 1 4
2006 4 3
4466 5 1
8270 5 4
5511 2 3
4182 1 4
8718 4 3
954 1 3
779 1 4
5261 1 3
4702 3 1
9069 5 1
1693 5 5
6013 5 2
2984 5 4
5353 5 3
9110 2 5
2417 4 5
5424 2 2
4353 1 1
9728 5 4
1124 2 1
7678 1 2
1886 1 1
4611 4 1
141 5 5
1556 3 4
9815 5 5
8639 2 5
889 3 2
5832 1 1
8828 2 5
8120 3 2
3040 5 1
1312 2 4
7838 2 5
3468 2 1
6494 1 3
6710 3 3
9677 4 3
5638 1 5
4806 4 4
5673 5 4
6490 1 3
2246 4 4
7547 4 1
2743 3 5
6397 3 4
1029 2 2
6596 2 5
3599 5 5
7875 2 4
3864 4 2
7543 1 4
9020 4 5
1289 2 4
157 3 3
3258 3 4
4786 2 5
1976 2 3
3736 4 4
7719 4 5
5149 5 2
5098 1 4
1387 1 4
5426 3 5
4962 4 5
6863 1 5
8465 2 2
9540 1 3
6138 3 4
6505 2 2
3498 1 1
2692 2 4
6183 2 1
7361 4 3
9288 4 4
5244 5 4
5117 3 3
9931 2 4
5493 1 3
5178 4 2
5176 5 4
3313 2 1
6123 4 2
9008 1 4
6563 1 3
2274 5 4
343 2 4
5967 5 4
3998 3 1
5215 2 3
6045 3 4
1731 1 2
1106 4 5
7149 2 1
4358 4 3
613 3 2
7947 5 4
7237 5 4
6771 2 1
1130 1 5
616 2 2
3490 1 2
9795 1 2
2132 2 4
382 5 4
9112 3 5
6567 1 1
9722 3 5
457 4 1
6829 2 1
5919 3 2
4284 5 4
5557 4 5
2100 5 2
7342 2 4
816 4 5
1971 2 1
3812 4 2
5559 1 2
7457 2 2
6951 5 1
9588 1 4
5740 4 1
9788 1 3
7508 2 3
1050 2 4
8621 2 5
6809 3 4
3691 5 1
6733 1 1
5413 5 3
7773 5 3
6874 3 2
1462 2 4
264 2 4
5249 1 5
5012 3 2
8229 1 5
5163 2 4
5677 1 1
8169 4 5
6201 2 5
6850 5 1
4236 3 3
2406 4 1
4425 5 2
659 4 3
2367 5 2
9 3 4
8712 1 4
9624 1 2
152 2 1
9483 3 2
3973 3 5
978 2 2
6942 3 3
3323 4 1
2477 3 4
7702 3 3
7448 2 3
8678 5 4
3755 2 5
2779 1 1
945 1 1
2932 5 1
166 4 1
9938 4 2
6601 1 1
4816 1 5
6276 3 4
9970 5 2
5059 5 3
1761 3 2
1320 5 1
4189 5 1
4192 5 4
9192 2 4
6803 4 4
8596 5 3
2406 1 3
763 3 5
9764 2 2
2828 3 2
7452 2 2
4961 2 1
715 4 1
7048 5 5
2052 4 5
619 4 1
8410 5 3
1844 3 1
7353 2 4
7956 1 2
4261 3 4
997 5 2
9388 3 4
4713 3 3
3842 3 5
5471 1 2
1816 3 3
6495 4 5
5741 4 5
2215 3 4
8458 4 4
3073 5 5
9417 2 4
7063 5 5
3919 1 1
6250 1 2
107 1 1
7070 4 1
6453 3 1
8713 3 5
3326 5 5
8106 3 1
4337 2 5
4449 5 2
7046 1 2
4269 1 5
43 4 3
1828 4 5
235 4 5
9809 3 1
5265 3 2
6646 2 3
3219 3 1
7754 4 1
3014 3 2
8411 2 1
1391 1 1
9384 2 5
6179 5 2
6563 1 5
8132 1 4
3469 2 1
6248 5 2
9698 5 4
9902 1 1
2754 5 3
4943 1 5
6587 3 4
3676 1 2
8372 2 5
5268 5 5
2673 1 4
2309 1 1
803 2 2
2321 2 5
4714 3 2
9286 5 2
9462 5 1
1111 2 1
5368 1 3
6760 4 3
835 4 5
484 5 5
7601 3 1
6360 4 3
9325 1 3
9989 5 3
3716 4 3
5905 1 4
5077 4 1
2219 3 5
371 3 5
5868 1 2
2185 2 2
5340 2 4
5037 1 3
1649 1 2
8588 3 4
203 4 3
2318 2 3
5701 5 4
3394 2 4
2611 4 5
2477 5 2
1606 1 5
35 1 2
1995 4 2
6594 4 4
2967 1 2
4415 2 1
4552 2 1
5217 5 3
7247 3 4
7119 3 4
6227 3 5
6659 3 2
7255 5 3
4191 5 5
3662 3 4
350 4 5
2106 3 1
6783 1 4
1568 4 4
9390 1 2
3086 1 5
710 5 5
4860 5 3
2487 3 4
5725 2 3
5242 5 2
5227 5 4
8021 2 2
6252 4 2
894 3 4
8451 2 5
929 2 1
3142 1 1
7697 1 1
7406 4 3
6074 1 5
2488 5 1
3761 5 4
4383 5 2
9215 2 4
3208 3 2
6093 3 2
4883 1 3
1161 1 1
3449 1 4
5254 4 3
8086 1 1
4456 4 3
7682 3 3
7974 3 3
6320 1 4
3967 3 5
7991 3 3
7935 5 3
1613 5 3
4927 3 5
7278 2 1
5278 4 2
9984 5 1
6148 3 4
4343 5 3
3841 1 5
7574 4 4
925 4 5
546 2 1
9462 3 1
2921 4 1
4291 5 5
2771 2 3
9709 5 1
6697 4 1
5144 3 3
6152 3 4
7708 5 1
5974 3 4
61 3 3
5211 5 1
2965 3 5
6078 3 3
1916 2 3
9552 5 5
3502 1 1
9280 1 5
7542 2 1
6715 2 5
5370 1 5
9069 3 5
3056 1 5
5593 5 1
2451 4 1
1647 3 3
3557 1 5
4812 3 5
7188 4 5
6513 3 1
6251 4 2
2265 4 2
5555 5 4
5398 1 2
808 2 2
2448 5 1
8005 5 3
5414 3 1
8693 1 2
5209 1 4
669 2 4
6836 4 4
5870 3 4
6109 2 1
8423 4 3
912 3 2
3509 4 3
1306 5 2
8551 3 2
7964 2 1
664 1 3
4254 1 5
9482 2 3
6029 3 5
7119 4 3
1937 5 3
2994 4 5
326 2 3
5808 5 2
7692 5 1
9366 2 2
8640 1 4
4678 4 1
1648 4 4
5526 5 2
7328 3 2
274 5 5
7497 5 4
6908 1 5
3825 2 2
3517 3 5
731 1 4
8098 2 4
3198 1 5
5694 5 1
120 4 2
2522 4 3
736 2 1
5300 2 4
5334 2 5
2751 1 2
2053 1 4
3159 3 1
5610 4 4
1553 3 2
1821 1 4
3737 4 2
2324 5 2
7373 5 2
1889 2 2
5974 2 4
5002 2 1
8204 4 2
2026 3 3
6187 5 1
2800 4 1
5907 4 4
8799 5 1
8616 5 2
5221 1 3
4535 4 4
7619 2 1
8 3 1
3529 4 4
566 5 4
7443 1 4
3753 4 4
3148 4 1
5943 5 4
6969 1 3
902 3 3
7327 2 4
4770 1 4
3147 2 3
7993 4 3
6524 1 3
9319 5 1
9491 4 3
7615 4 3
8876 3 2
2134 4 3
6104 2 4
5303 2 4
2497 1 5
7731 1 3
4210 1 5
7461 1 5
2970 4 2
5892 3 4
4618 5 2
4693 4 5
1816 1 3
6885 4 5
7583 2 4
4392 2 3
1508 4 3
5737 4 3
4313 4 4
9017 5 2
4976 4 1
2108 4 2
1311 5 1
5624 3 5
3580 5 5
3509 4 5
5861 4 3
9804 1 4
7445 2 5
6684 1 3
6666 2 2
1218 4 3
2521 1 5
9378 2 2
3381 2 4
520 4 1
7245 3 1
4857 1 5
3254 5 3
2409 2 3
8720 5 4
2951 3 4
9200 3 5
3220 4 3
4187 1 5
3822 4 1
5256 4 3
66 4 3
5748 3 4
6533 3 1
7180 4 5
7500 2 4
9137 4 4
8815 2 5
8647 3 4
2198 1 2
4935 3 3
3332 2 3
430 1 4
10000 1 1
5764 3 4
6034 2 2
7570 5 2
9820 4 3
2863 3 5
6013 3 3
8172 5 3
4273 4 4
3916 2 1
5131 1 5
8408 3 3
6775 5 1
4775 5 2
8215 5 5
4348 2 3
5998 4 4
2687 2 1
1305 1 2
2424 5 3
8460 2 5
9309 4 1
378 2 3
8769 2 5
2259 2 4
4234 4 3
4271 4 1
4270 5 1
7738 5 2
6214 5 4
1589 4 1
9428 1 5
5271 4 5
320 5 5
8809 1 2
6300 2 3
5203 5 2
4390 2 1
2409 3 4
7102 5 1
3544 3 3
4887 1 3
6841 1 1
6039 5 4
5875 1 4
7656 3 5
2103 1 2
6479 4 3
9529 2 4
3756 3 4
4224 2 3
9785 3 5
6954 5 4
6934 1 1
6964 4 4
2799 3 4
9895 1 4
8957 1 1
5740 3 1
734 4 1
8510 5 3
8970 5 2
8029 3 4
7652 3 1
9380 3 3
5141 4 1
4633 2 5
6057 4 5
7341 1 5
9021 1 5
4783 3 1
6539 1 3
4747 2 1
8149 1 4
3949 3 5
3117 2 2
3916 5 1
9911 4 1
2756 5 2
9797 5 2
7224 2 4
4569 5 4
6747 2 2
6304 2 3
2286 1 2
9374 2 2
2166 2 2
8176 2 2
6915 4 2
2061 1 4
3231 2 1
5035 2 4
1228 4 3
5574 2 1
8386 5 3
9864 5 3
1624 2 3
2127 2 1
4356 2 2
6188 4 1
3733 5 5
3580 2 4
4817 3 5
8062 5 4
7604 2 4
9724 2 3
6356 3 3
1301 2 4
9893 3 5
9000 2 5
9440 1 2
7270 2 5
3777 3 4
3295 2 3
5697 3 3
2026 3 1
9193 2 1
6748 2 4
7998 3 2
8055 1 2
5214 4 3
7720 3 1
7813 1 4
6713 3 1
1807 2 5
8227 3 2
1891 4 4
7454 5 2
5338 1 4
6223 5 4
6037 5 3
7387 1 4
6218 4 1
5526 4 5
1366 3 3
6836 1 3
6215 4 1
655 2 3
911 5 3
9807 2 1
571 1 5
9624 1 3
252 2 2
527 5 1
5673 5 3
5430 5 1
5058 4 1
2839 2 1
461 3 4
253 2 3
1423 3 5
6927 1 3
6376 1 1
4364 2 3
7408 1 2
9025 4 5
4756 3 3
4767 1 4
3881 3 4
444 5 4
6831 2 1
5442 1 4
4567 2 4
1279 5 2
6648 1 1
4561 1 5
8385 1 2
9157 1 5
1046 2 3
1702 4 5
4664 4 5
126 3 4
9741 5 5
3702 4 4
7927 2 3
9999 1 3
1648 1 3
6361 1 4
8428 3 3
8889 3 5
5493 5 2
8088 4 4
81 4 5
511 1 2
8680 5 4
4832 1 4
1582 2 4
1499 1 4
821 4 5
4545 5 4
7104 1 3
5470 5 1
4029 1 3
4106 1 3
2092 3 5
4213 3 2
9977 4 2
3479 2 2
6630 1 2
5106 5 2
6769 4 5
7603 3 5
992 1 5
8155 1 2
2818 1 3
6284 1 1
1667 1 1
3198 1 4
6495 3 3
5252 4 2
853 5 1
9167 1 3
3132 5 3
4512 2 3
6804 2 1
5261 5 4
5676 4 2
6922 5 5
6347 3 3
4982 2 5
3353 2 5
1243 5 3
590 1 3
300 2 3
9993 4 1
5239 1 3
2575 1 1
5378 1 4
4368 3 4
2487 1 2
6258 4 3
5701 1 3
6635 3 1
2207 3 5
6306 3 3
2206 2 5
9216 4 1
4560 3 3
931 1 2
5214 4 1
5647 2 1
8700 3 1
8562 2 4
476 2 2
8180 4 2
1226 3 4
164 3 1
3009 2 5
9931 2 5
8335 3 2
1835 5 5
2318 1 2
2035 2 1
6913 3 4
8421 1 4
390 5 1
7247 3 1
1165 2 3
4092 4 1
4327 3 5
2909 1 3
9725 5 5
5162 4 3
6322 5 5
7952 4 1
2549 4 3
6635 5 2
6386 5 2
4648 1 1
7552 5 2
3312 3 5
4622 5 5
6644 1 2
8831 4 2
3110 1 5
8477 1 1
2697 2 4
526 5 1
1914 5 5
9690 1 3
5274 2 4
6341 2 2
3836 4 5
4239 1 2
4250 4 2
5556 3 2
7593 4 4
6944 2 3
9977 2 3
192 3 2
7665 4 5
5166 1 2
9694 3 4
2044 2 1
7029 3 1
7900 5 5
1529 1 4
3253 3 3
1426 3 5
6024 2 4
7415 3 3
9803 3 2
9860 1 2
7772 2 5
7279 1 1
815 1 3
5263 5 2
9033 5 5
8903 4 1
9986 2 1
9661 3 3
6990 4 1
9173 2 4
3078 4 3
1475 4 5
8293 4 2
1915 2 1
127 5 4
5313 5 5
7140 1 5
1448 2 5
5658 2 4
5478 4 1
8870 4 3
3743 3 4
1813 3 3
2575 2 4
4344 3 3
3182 4 4
399 1 1
9101 3 2
7208 2 1
9444 1 5
7669 3 3
2703 2 3
5496 2 2
405 5 3
7164 5 1
181 3 4
9812 4 4
238 5 2
2997 1 5
4773 4 3
7475 2 1
1621 1 1
209 5 1
5655 5 4
5358 4 5
9689 1 1
3795 3 3
3552 5 2
9097 2 5
1333 1 4
6989 2 5
6477 4 5
1965 3 5
7747 2 3
3758 3 1
7167 2 2
4974 4 5
491 5 2
3117 5 2
5342 5 4
9143 2 4
1659 2 4
392 1 5
3806 5 3
2915 5 2
323 3 4
1095 1 1
1416 4 3
351 5 4
1284 2 1
2698 1 1
5631 1 5
6955 4 5
1489 3 4
2303 4 4
187 4 1
5955 3 1
2395 2 5
3546 5 2
8727 3 2
5941 4 4
9569 2 4
426 4 5
1914 2 5
8294 1 3
8423 3 5
9504 1 2
2641 2 3
1327 2 4
7270 3 2
9989 5 3
9973 2 5
5650 1 4
2653 1 4
5317 2 5
7142 1 2
6977 3 5
503 5 3
2368 2 2
4187 4 5
9273 4 2
2339 2 4
1448 3 5
2766 4 3
9498 3 3
9020 4 5
3743 3 5
8834 2 2
6745 5 5
278 1 5
6647 3 3
5866 4 4
5152 1 5
4556 2 4
3816 1 5
2936 4 3
2597 5 2
1395 5 2
3889 2 5
1539 1 4
4890 1 1
5789 5 1
5067 1 3
1407 2 1
6945 1 2
7042 4 3
6179 1 5
3264 4 4
2003 1 4
5063 4 3
2289 2 1
9434 2 2
8340 3 2
7945 5 1
6728 5 4
435 1 2
3030 3 5
9544 2 2
2018 3 1
3776 2 5
1187 2 2
5093 1 2
5502 4 3
100 2 3
2213 5 1
8640 4 5
8869 4 1
9879 1 2
2602 3 4
1263 3 5
9610 2 1
6352 3 5
9525 4 2
5914 4 5
5307 1 2
4675 1 2
1879 4 4
2444 1 4
8135 2 4
4945 1 5
6448 4 2
3962 2 5
3002 2 5
5929 5 3
6110 3 4
2519 5 2
4785 2 4
5098 3 2
1909 5 2
8449 2 3
4975 4 2
25 5 1
6433 4 3
6427 2 3
6114 3 3
6069 4 4
536 5 3
9923 2 2
9667 1 5
8501 1 4
4447 1 2
1495 4 2
6664 5 4
4877 2 2
4766 5 5
9132 1 1
5949 2 5
2943 1 5
1640 4 4
7456 3 5
3581 2 3
4536 3 5
6083 3 3
4293 5 3
6606 3 5
5791 3 2
964 4 5
3929 3 5
2348 4 2
1784 3 3
660 5 2
1475 2 5
2263 3 3
2984 1 4
9748 3 2
3226 2 2
6691 2 4
775 1 1
4337 2 3
11 3 1
8107 5 3
8481 4 2
7539 4 2
8750 1 1
6762 4 2
1446 5 5
228 3 5
7411 5 5
483 2 5
5136 3 2
6104 5 3
1022 5 1
7021 4 5
3210 4 3
9837 2 5
8135 1 4
5440 5 5
3765 3 2
2307 5 3
719 2 2
449 1 4
9859 4 2
2955 5 5
3169 4 2
3654 2 3
8592 5 3
4880 2 5
2486 3 2
5170 5 1
7417 1 2
6509 2 3
8825 1 2
6051 2 4
2072 4 4
8764 1 3
2264 1 1
7493 2 4
6198 5 2
669 2 3
448 3 5
883 1 4
6405 1 2
782 1 5
8380 2 3
7262 3 3
6208 1 1
6614 1 4
1185 4 5
3195 4 4
8279 4 1
6706 4 3
4487 1 3
1053 4 2
2929 2 2
3197 3 2
907 2 2
8362 1 2
3350 3 2
4426 4 4
2182 1 4
2310 4 3
7114 1 1
2377 3 4
1282 3 3
1457 3 1
5240 3 4
6587 4 4
484 5 3
8527 1 2
6479 5 3
4544 5 1
1658 5 4
1068 5 5
8786 2 3
872 4 4
5788 4 1
3339 2 5
5574 3 3
7198 5 3
2193 5 2
8915 2 5
1901 1 3
3588 3 4
3760 3 5
1639 4 1
4371 4 5
9984 4 2
6852 5 5
9245 1 4
4326 3 3
3069 4 2
2703 1 4
8686 5 5
534 5 4
8923 3 3
1549 4 3
1194 2 3
5716 4 4
8584 1 3
3786 4 5
5710 1 5
2427 2 3
3353 1 2
7579 4 4
6561 3 5
4810 3 5
661 3 3
3877 3 1
8284 2 3
7380 5 1
2894 3 1
583 1 3
9397 1 2
3102 4 1
8911 4 2
449 5 1
386 2 3
4220 2 1
6655 2 2
6870 2 2
7230 5 5
7959 5 4
7359 4 2
2190 1 3
2276 5 3
1587 2 5
8497 4 4
7021 1 4
1878 2 4
5337 5 2
7363 5 4
4667 4 5
2693 2 1
5662 5 3
1826 3 1
7057 4 5
8792 1 3
2474 1 1
3425 2 4
7750 3 3
6218 4 1
4072 5 2
49 5 5
4554 1 4
7979 1 1
2451 1 3
9812 3 2
3814 5 2
9681 5 1
350 1 3
6527 4 1
6580 4 2
2216 1 5
669 1 4
4105 5 1
5370 3 5
9202 1 3
3513 5 5
4103 2 3
9907 1 5
2598 5 5
4768 3 3
6544 1 3
1185 3 2
5340 1 5
9856 5 1
7092 4 3
9111 4 5
3970 2 3
4684 4 4
6072 2 5
603 4 2
5243 3 4
5329 2 5
4091 3 4
2018 5 2
1592 4 4
9937 1 2
5902 5 2
3482 2 1
9639 4 1
2053 3 5
7266 4 3
5809 3 5
3467 2 1
8485 1 2
2656 4 4
5257 4 3
9895 3 2
8596 4 5
5226 1 3
1920 3 2
5578 1 2
3596 1 2
4088 2 1
6764 2 2
4930 2 3
4637 3 4
9559 5 3
7401 5 4
7526 4 2
2623 5 1
1056 1 5
8193 1 3
992 1 3
734 5 2
7128 2 1
8736 3 5
1979 2 3
37 4 1
6097 3 3
6693 1 1
273 1 2
5021 3 3
8491 1 2
5752 4 3
7387 2 3
4499 4 2
7812 1 4
9501 1 3
9921 5 4
2611 1 4
3676 5 4
762 2 5
1395 3 1
9394 4 5
5140 5 4
5036 5 2
6737 1 2
8241 1 3
1188 4 4
7639 2 5
1532 5 2
8392 5 3
3313 2 1
550 4 4
1199 5 4
1251 2 4
5334 5 2
5326 1 3
3662 4 2
7569 4 4
8249 1 5
7323 5 3
644 5 5
761 5 5
3658 4 5
7488 2 3
7923 2 1
2867 4 2
4907 2 1
2868 5 2
7409 5 2
7172 3 5
4010 5 4
6585 2 5
3371 1 4
6001 1 3
6519 1 5
3903 4 3
3165 2 3
6509 1 5
5789 2 3
104 5 5
7785 4 2
7827 1 4
2518 3 4
7971 3 2
8639 4 4
6704 5 3
4653 4 1
5778 3 3
8496 5 1
1814 2 1
9175 4 3
1688 4 4
7410 1 1
2198 5 2
295 1 5
6609 5 3
3095 4 3
9430 4 1
4220 1 4
914 1 4
8302 1 4
3314 1 1
4162 4 4
3688 3 1
4690 3 5
3203 2 2
721 3 1
7353 1 5
9890 1 5
458 3 5
2170 1 4
1580 5 4
5200 3 2
6002 1 2
762 2 1
4715 1 4
4392 1 2
1158 1 5
5787 5 3
3827 4 3
9471 2 4
2636 2 3
1142 5 3
5991 3 4
2603 5 1
7682 3 2
3730 4 3
2283 5 2
8104 5 5
6495 4 5
9153 5 4
2245 3 5
2685 3 1
3306 4 2
4392 3 2
2110 3 5
3082 2 5
8438 2 3
8461 3 2
5925 2 1
2695 4 5
6164 3 2
4475 4 5
4201 4 2
6681 1 1
967 3 5
2705 5 2
9006 1 1
258 5 2
3909 3 2
6421 5 5
1418 4 3
4720 4 2
5534 1 3
727 5 5
4960 3 1
1612 1 5
2944 5 2
1186 4 4
4922 5 4
7065 1 5
8346 5 1
663 5 3
4302 2 2
5269 4 5
9864 2 5
3995 3 3
6967 3 5
1736 2 4
2563 5 4
7395 4 4
4915 1 2
7757 4 5
6475 4 3
7625 1 2
9264 4 5
4350 2 2
1369 3 2
4338 4 3
7553 3 2
3444 5 4
4940 5 2
1188 2 3
1288 1 1
5366 2 4
353 2 2
4293 5 1
1955 4 4
3569 5 5
204 2 4
8865 4 3
8534 1 2
3875 1 3
848 2 4
425 4 3
9450 5 2
132 4 2
5616 1 5
5203 5 4
1211 5 1
2859 5 4
3159 1 3
8451 2 3
7318 3 3
6326 3 3
3535 3 5
216 5 3
8454 4 1
2774 2 2
1541 4 1
7212 1 4
1338 1 1
9276 1 3
2596 5 3
8336 4 2
7522 5 2
8120 4 4
5959 3 4
7215 4 4
4188 3 5
3659 3 1
3788 2 5
3803 2 4
2058 2 3
5181 5 5
1689 2 1
8968 5 2
8958 5 4
4307 2 4
1332 2 4
7548 5 3
5009 4 2
9457 3 2
1100 1 1
5773 4 3
4492 5 4
7640 5 2
3699 5 5
3689 5 4
9536 1 4
210 4 1
3620 3 2
9956 5 1
447 2 4
6445 2 5
7765 3 3
7108 2 2
8332 4 1
792 5 2
5061 4 4
4381 2 5
9008 1 2
3943 5 1
6093 1 3
4241 3 4
9386 2 2
5073 3 4
4941 1 5
451 4 3
7797 1 2
4106 4 4
5165 2 5
6210 1 5
2575 1 1
7539 4 1
7855 5 3
7535 3 1
353 4 2
9349 4 4
5985 5 5
1520 2 4
8198 5 3
3449 4 5
663 3 4
8053 3 5
6629 5 1
47 2 2
7347 3 5
3239 5 4
3869 4 3
4567 5 5
149 1 1
3225 1 3
1826 1 4
9554 3 3
9175 5 2
286 4 2
8740 2 3
1406 5 3
2626 2 3
6863 2 3
7560 5 1
1487 2 3
489 2 4
6387 4 2
5345 2 5
4563 1 2
6752 4 2
9318 1 3
9860 2 1
3436 2 3
8898 3 2
6218 1 1
8436 4 5
9572 1 1
6857 2 2
8664 3 2
8368 5 1
544 2 2
2559 2 1
7249 4 4
9697 2 4
2342 2 3
2157 3 1
2804 4 1
2776 2 5
407 1 2
5696 3 1
1326 1 1
4508 5 1
5933 3 5
4520 4 2
8614 4 2
4671 3 5
9819 2 5
4912 1 1
1718 4 3
917 4 3
2505 3 5
2904 4 5
3379 1 3
2069 3 5
3347 5 4
7319 5 4
2046 3 3
1753 4 1
4262 4 3
122 4 4
8443 2 1
6652 4 3
1325 5 1
9510 5 1
2905 2 4
7362 3 4
3539 1 2
1075 3 3
3007 4 5
7666 4 1
4448 4 5
3434 3 2
9195 1 4
9504 4 3
6282 5 5
2085 4 1
9302 4 3
8594 4 3
4669 1 4
7882 2 5
6720 4 5
3092 2 2
6137 5 2
1300 2 2
7472 2 2
4802 1 5
4815 4 3
4672 2 1
8036 3 5
7312 4 1
3412 3 5
750 4 2
8616 2 3
7238 4 2
9173 2 3
3283 4 5
5779 4 3
9979 1 2
3007 5 5
535 5 5
6461 4 4
1961 5 4
2879 3 1
2371 1 4
6659 2 3
6872 2 1
8255 4 2
6082 3 3
7755 1 4
8218 2 2
1789 4 4
6726 3 1
8100 5 1
1467 2 4
9883 2 2
2030 4 1
1321 4 1
3625 4 4
4610 4 1
7669 3 1
9434 1 4
780 4 2
3388 5 1
3968 2 4
2380 5 2
378 3 5
7170 4 4
8923 2 3
6156 3 3
3855 3 5
2160 1 4
4200 2 5
3306 2 3
5174 3 4
6364 4 2
7499 5 5
8132 4 2
3198 2 3
7090 5 2
4112 2 4
5966 2 5
7278 3 2
7557 2 5
7266 5 3
2904 4 3
562 1 3
5692 3 5
5550 1 5
5927 4 1
9240 5 2
3446 5 3
9981 4 3
1610 2 3
790 3 1
6667 1 2
8194 2 1
7515 1 5
1587 4 1
8236 4 5
7257 3 1
2312 2 4
7860 1 3
5566 3 3
371 2 2
487 1 1
2838 3 3
3887 1 5
1706 5 1
9424 5 5
8085 4 5
1613 4 2
4276 5 5
9216 4 2
2296 3 5
7302 2 5
9912 3 2
9983 2 4
3482 2 1
732 1 4
8617 3 1
9168 2 2
4530 5 3
7777 3 4
577 3 3
1037 2 3
4666 3 1
2730 5 4
8259 3 1
3672 1 1
7707 1 3
1511 2 1
2307 1 5
3182 3 2
7500 1 4
8176 2 4
4351 5 2
2843 2 2
885 5 2
9524 5 1
512 5 2
5896 2 4
7097 3 5
2828 2 2
1106 5 4
1268 4 3
4140 5 1
841 3 2
5865 3 4
6176 4 1
1757 2 3
7768 3 1
6896 1 3
5839 2 4
4830 3 4
2818 5 4
3525 1 3
4065 4 2
9450 1 4
7497 5 2
6603 5 5
5063 4 4
1110 4 1
2156 4 1
6439 3 4
2032 2 3
206 3 3
2497 3 1
195 1 2
8631 5 4
6850 2 4
4191 3 3
8582 3 5
5670 1 4
6770 2 4
3542 5 5
924 1 4
8770 4 3
3671 5 1
2318 5 3
7292 4 4
629 4 1
4176 3 3
8233 5 1
8166 4 1
8643 1 2
9364 4 5
1271 1 2
5063 2 2
4711 1 5
6546 4 4
6842 5 3
455 4 3
2392 3 3
383 3 4
9588 3 4
1347 2 2
7573 3 4
9040 5 4
5988 1 4
9287 1 1
778 3 5
4100 1 2
4956 3 2
402 5 5
1787 3 1
5211 2 5
5501 3 4
4858 2 1
2312 4 1
28 3 1
9425 5 1
217 4 4
21 2 3
2772 1 5
8320 4 3
181 5 1
8452 2 1
1253 3 4
5213 1 5
3833 5 1
9358 1 3
7268 5 4
1472 2 5
9276 4 3
3740 2 5
1494 2 5
1478 5 2
3538 4 1
2254 4 3
4726 1 5
4750 2 4
8619 5 1
128 2 4
552 2 1
2626 2 1
2042 1 4
6148 2 1
3864 4 3
8264 4 3
4019 4 4
4567 5 5
1808 1 4
3347 4 2
9641 2 1
9838 4 5
1424 1 2
725 5 5
6511 2 3
3983 2 1
1325 2 2
430 1 3
2298 5 3
7075 5 3
9077 2 5
9894 1 5
3413 2 2
6712 5 3
4367 4 4
1627 5 5
6474 3 1
3970 1 2
9508 3 2
9912 1 5
7645 5 3
4276 3 2
202 3 5
2244 3 1
8790 3 1
3642 4 1
7511 5 4
2442 5 4
6779 1 5
3312 4 1
5771 3 3
7683 5 4
3930 2 4
9349 5 3
5524 4 1
8685 3 2
8629 1 1
779 3 1
3818 4 3
7720 1 3
2948 5 2
5879 3 3
8494 5 1
1526 3 4
815 4 1
6076 5 4
4704 3 2
190 4 4
5943 5 2
9631 3 4
7874 4 2
5867 2 3
430 5 3
5412 1 4
9609 1 2
3259 2 3
6883 3 5
9533 5 3
5986 1 1
6587 4 4
6719 5 5
5466 5 5
4974 3 2
9806 3 2
1234 1 1
5696 3 3
8098 5 2
6260 5 3
7888 3 1
5246 3 3
6328 2 4
235 2 2
6982 1 3
5746 1 5
7730 3 2
5294 5 3
2424 2 3
7118 1 3
4221 4 2
5131 1 4
222 1 1
9955 3 5
1223 3 1
2746 4 4
4576 5 1
4731 1 3
1942 3 2
2623 4 4
5567 5 4
9689 5 4
2867 2 2
5617 4 5
5537 3 2
5342 1 5
8340 3 5
7562 4 1
372 3 5
7466 5 1
5534 1 5
6360 4 2
860 4 1
7293 2 4
2030 4 3
1125 1 3
8813 2 5
5026 5 2
8431 2 2
7457 5 4
9267 1 3
4533 2 1
1169 3 2
6668 1 3
4381 2 3
3667 4 2
5590 5 5
4791 5 1
9485 2 5
7502 2 1
599 3 2
1478 3 2
5907 1 4
3728 5 5
974 3 3
7146 3 4
1323 4 2
9093 2 2
893 3 1
1239 4 4
3023 4 4
1616 3 5
7610 1 1
2389 3 2
9915 4 2
8549 4 4
1631 2 4
1009 4 3
7733 5 5
5878 2 3
8002 4 4
1085 1 3
4912 5 5
394 2 2
804 4 5
2270 3 5
2471 3 3
1953 4 3
4044 5 3
90 3 2
8176 3 3
8537 5 1
1912 1 4
4450 1 5
211 5 2
4928 5 3
2245 3 4
1126 1 5
1690 3 5
5362 2 5
1639 4 5
9617 3 4
695 2 5
1921 2 1
4823 3 3
8383 3 3
147 5 5
8635 3 4
3264 4 3
97 5 2
6964 5 3
8006 4 4
6941 4 5
1701 5 4
1103 4 3
3509 2 5
8430 3 5
9477 5 3
6424 2 1
309 2 1
2303 2 2
4017 2 5
4438 2 2
5819 4 2
4233 2 5
266 4 4
3840 1 4
8962 1 4
1544 1 3
6762 4 5
2560 4 2
7093 5 2
6622 2 5
7159 1 1
5864 1 5
6075 1 3
77 5 3
5449 5 3
3908 5 3
7592 4 1
6766 1 1
9809 1 1
6277 5 4
507 4 5
2131 2 3
5631 4 5
536 3 2
3650 1 3
7157 4 5
8689 5 2
9952 1 1
8978 4 5
5095 3 4
1217 4 2
9050 2 3
1302 5 1
526 3 3
4621 1 5
4415 1 2
4530 5 5
5483 5 2
9518 4 5
1726 4 1
1906 5 2
1395 2 4
5018 3 2
2093 1 3
7427 5 1
3605 2 3
4549 3 3
2858 4 5
7998 4 4
5725 5 1
2956 2 4
5011 1 4
8831 1 5
3286 1 5
7587 1 1
6563 3 5
3583 2 3
4174 2 1
1528 1 4
3617 1 5
1086 1 4
8994 1 5
8143 5 5
5608 4 1
7842 5 4
1951 3 1
8110 4 5
4634 3 4
7708 3 4
292 5 4
4332 5 2
3702 5 2
1952 3 5
3553 3 4
7861 4 5
6951 4 2
3862 3 2
2175 4 2
7278 5 3
5429 1 3
9251 4 5
7237 5 2
2816 5 1
3882 3 4
8333 5 2
4388 1 3
2591 5 2
8587 3 1
2422 5 4
1011 2 3
1130 3 4
4873 4 4
1931 1 5
2915 2 2
6629 2 5
7425 4 3
8656 2 4
7421 5 1
2446 1 2
5057 4 5
7462 2 4
3911 1 4
6010 4 2
4401 1 1
9034 3 4
2412 3 3
8687 5 1
2163 4 5
5732 3 5
9064 2 4
2835 3 5
6561 3 1
1654 5 5
3103 3 2
6784 2 2
7607 3 1
8041 3 2
981 5 2
9455 1 3
6438 4 1
1195 2 3
5585 2 5
1799 1 3
1035 4 2
7274 2 5
5645 5 1
1698 3 1
5870 1 4
59 1 1
3374 4 1
3402 1 2
4656 5 5
2277 1 3
668 5 4
3037 2 5
3389 2 1
9340 5 1
9864 3 1
5449 5 3
8623 2 2
3405 2 4
5968 1 5
5170 3 1
7203 3 4
1375 3 1
2457 1 2
9790 1 1
6328 4 3
7334 5 5
866 2 3
6127 4 3
4740 5 4
2505 3 2
6388 2 2
8583 5 3
9900 1 3
9092 1 1
8024 4 2
9940 3 1
8177 4 2
7437 2 1
4312 4 5
3333 5 4
4931 2 4
4245 2 3
3714 2 2
6122 4 4
1183 4 1
2380 1 4
5215 5 5
5630 1 4
4448 2 2
2655 2 5
1048 4 5
7455 3 3
8957 3 4
2873 3 1
4134 4 5
4056 2 3
2903 1 4
3993 3 5
3379 1 4
2467 4 1
2832 4 5
3335 1 1
8624 3 3
6577 3 3
3141 4 1
2371 5 3
4336 3 2
6455 5 1
6819 3 3
4590 3 1
8592 5 5
7173 1 3
85 1 3
9701 3 3
2811 5 3
8831 5 5
1563 3 4
1958 2 4
2867 5 2
4206 1 5
4496 5 5
7715 5 4
4734 2 3
5855 2 2
1072 5 2
7696 3 5
880 2 5
183 4 5
2246 1 5
3839 4 3
6815 4 4
9319 5 3
6087 1 1
7339 3 5
7883 1 5
9460 2 4
2107 5 1
8675 3 3
5458 5 5
5884 5 5
4734 5 2
1324 4 4
3324 3 2
1173 3 5
6652 3 1
4870 4 2
9639 1 1
5955 3 3
6173 3 4
6291 5 4
2775 5 2
2103 1 4
8798 1 3
9379 1 2
6193 3 5
7643 5 3
3022 4 3
7346 5 4
7477 4 4
9742 5 5
9308 3 5
6508 4 4
4089 4 4
8633 2 2
5496 5 2
8885 1 5
1794 5 4
6592 4 3
7455 1 1
7015 5 1
2656 5 3
3172 4 4
4429 2 3
9496 2 2
4435 5 1
5238 1 2
2309 3 4
1103 1 4
2704 5 5
8306 2 2
8143 3 1
783 4 2
2669 4 2
8824 1 5
5710 4 4
5873 2 5
8556 3 4
5260 2 3
9935 4 4
4744 1 1
2165 5 4
593 5 4
1342 1 1
7640 1 5
9545 5 4
6499 3 5
9492 1 1
8555 4 1
104 4 2
2393 2 1
3072 1 1
1540 4 3
9839 4 2
4598 3 1
5162 4 3
8001 1 5
4247 4 3
8337 3 3
6222 4 1
9640 1 4
8846 3 5
4087 1 4
736 1 3
5952 1 2
2024 5 5
995 1 4
1328 2 2
5960 4 2
224 4 1
7048 2 2
2961 1 4
8007 1 1
5325 1 1
6798 1 3
6042 4 3
5005 5 4
38 5 2
3054 1 4
5926 2 3
9756 1 2
3046 3 3
4119 1 4
6232 4 1
5347 1 1
8185 3 1
1321 3 1
4820 2 5
7869 2 2
9428 5 1
509 3 2
6263 4 2
9984 2 2
4847 3 5
7438 2 3
923 3 3
5020 2 3
7315 3 2
7128 5 1
458 2 5
3144 5 3
7956 1 3
1323 5 3
8554 3 1
2643 2 4
2490 1 1
5264 5 5
1614 3 3
9759 1 5
4537 2 4
7268 4 3
4598 3 2
8278 5 4
5951 3 2
7567 2 1
7527 5 4
4036 2 2
8376 1 4
5754 5 1
152 3 3
1547 1 3
2333 3 5
6774 5 4
9607 3 5
8446 5 2
9767 2 3
3857 1 4
2381 2 4
1527 5 2
6171 3 1
957 2 5
1976 1 1
9325 4 5
1927 5 5
3958 1 5
277 3 1
1242 2 1
9240 3 3
5780 2 3
2757 5 3
9643 5 2
597 5 4
6404 3 1
8474 5 4
9072 3 1
879 4 2
7584 1 5
6524 3 5
370 4 5
4043 5 1
38 3 2
24 4 4
1108 1 2
2803 3 5
340 4 2
3720 5 5
3556 4 1
2848 1 1
6623 3 2
9776 2 3
4925 5 2
7470 2 5
5868 3 3
5169 3 3
3756 5 2
329 5 3
6911 2 5
1197 5 4
1292 2 5
2140 1 4
4038 3 2
1421 5 2
284 2 1
7938 1 3
3673 1 5
6256 2 4
2763 4 1
121 1 1
137 3 5
8328 5 4
3439 3 1
7372 3 1
1349 2 1
6653 3 3
7919 2 2
5719 2 1
3181 3 3
8645 3 5
5572 3 1
3327 5 3
6986 4 3
1497 5 1
5734 2 1
2501 5 1
4708 2 5
4793 4 4
2740 1 4
4533 2 2
6670 2 4
3672 1 1
1051 5 5
7013 3 2
9964 4 5
6499 3 5
4877 3 5
7756 2 4
9690 4 2
5386 2 3
6217 4 4
7685 1 2
2601 2 4
7236 2 1
8972 1 3
1473 1 4
1598 4 1
8379 3 1
1285 5 5
6787 1 5
7242 1 1
1902 4 4
650 1 4
463 1 5
61 5 3
9267 3 1
651 3 4
1745 2 3
5437 2 1
1074 4 3
5138 2 5
1521 2 4
729 5 1
3138 3 4
4665 2 1
9298 1 4
1372 5 3
6003 2 1
2549 3 5
8106 5 2
3825 3 3
7807 4 2
6871 3 1
2000 5 5
3444 5 3
8679 3 4
1471 3 1
3260 3 2
320 3 5
8692 3 1
4500 2 2
6594 2 2
7671 5 4
2442 1 1
5246 1 2
7808 4 4
971 3 2
5600 4 4
3270 2 5
5776 4 5
8148 3 1
6452 2 4
2595 5 1
7245 1 4
7288 5 3
2377 4 3
4012 2 2
9621 1 2
3440 3 1
1368 2 3
8316 2 2
1280 1 4
4346 3 2
5863 3 2
6275 1 2
3502 1 1
3213 4 3
4433 4 2
4526 5 2
6425 2 4
8558 4 4
6547 5 4
3893 5 5
2626 3 3
8270 4 2
157 2 3
2559 1 2
2358 3 3
2375 5 1
5334 2 3
365 4 5
4365 3 1
8192 4 2
9118 4 1
3331 1 3
3743 3 5
4315 1 5
822 5 4
5859 1 1
6375 1 1
2333 3 3
1886 5 4
4720 2 3
7996 1 3
63 4 4
4554 1 1
9233 5 3
7803 1 4
7035 1 2
1753 3 1
1991 3 3
5768 2 3
8465 4 5
2344 4 5
3086 3 2
5747 2 4
9674 5 1
6430 4 5
2065 5 4
2604 4 5
1863 2 5
6001 5 4
7917 2 3
9789 5 4
8525 1 5
230 1 5
2296 1 5
254 5 5
6592 5 4
6096 3 1
8496 3 2
1123 3 1
4982 1 1
8849 3 3
800 4 4
408 1 2
8988 4 3
5758 2 2
4673 2 2
8471 1 4
7538 5 4
5446 5 3
5668 5 1
6299 3 2
5633 1 4
2455 1 5
9193 5 1
1408 2 1
7451 2 3
30 4 2
327 3 3
3748 4 3
5439 4 1
1208 3 3
5057 3 4
35 1 2
2595 1 5
1963 5 1
6513 2 5
892 1 2
6220 2 4
8759 1 3
422 5 2
687 5 1
2378 3 4
6264 4 4
5479 4 4
622 5 2
3264 4 2
8246 3 5
6 1 3
691 4 5
992 4 5
2014 2 1
4112 3 4
1807 3 4
9663 3 5
3397 5 1
4761 5 3
4107 4 3
8205 1 2
9443 4 5
619 5 2
1080 4 3
3618 3 3
2778 1 2
9055 5 2
1263 1 3
9647 3 2
8114 5 5
4463 1 5
8528 2 2
3635 1 3
1018 3 4
6709 5 2
3047 1 4
4658 1 4
569 4 2
2314 2 3
1865 5 2
8327 5 2
4208 1 4
493 1 1
5791 4 5
973 4 5
5037 5 3
1937 2 1
8420 5 4
7056 4 5
3517 1 2
2890 4 4
7197 4 4
4299 1 4
4594 1 3
7951 1 5
1924 4 4
643 5 5
1483 1 2
637 3 3
1502 1 5
5821 4 5
184 2 2
1463 1 1
1358 4 4
1000 2 3
4044 4 5
5864 2 5
3267 1 3
8376 4 2
7398 4 2
3716 5 1
3282 5 1
5801 2 3
3539 5 5
5035 3 2
1756 2 5
8904 1 4
5453 3 4
9 4 5
1525 5 3
7283 3 5
8193 2 2
7269 2 1
7379 4 4
7324 1 4
5578 1 4
4539 1 5
1548 3 4
9830 3 1
5751 1 4
5994 5 2
8438 4 1
5849 5 1
8649 4 4
2057 5 4
2955 4 3
7077 1 2
3262 2 2
8335 2 4
5334 1 4
8660 2 1
5008 4 5
7386 2 4
4036 1 3
6873 3 3
4368 5 3
999 5 2
1037 3 5
4956 2 1
2557 1 1
4440 1 1
9757 3 2
2106 1 4
2892 3 4
1497 4 1
4272 1 1
8769 4 2
8160 5 5
689 3 3
9358 3 3
8934 3 3
4710 2 3
3084 1 5
2421 4 5
7933 5 4
4099 5 1
2422 1 4
7967 3 5
5540 4 5
5846 1 2
143 5 1
8852 4 4
4117 2 5
7965 5 2
2265 3 2
7646 1 1
4214 5 5
2129 5 5
894 1 1
1260 3 1
752 4 5
5219 1 1
9505 4 1
9900 4 1
5828 2 4
7128 4 3
9875 3 2
5259 1 4
8881 5 1
8604 3 1
5700 2 1
1269 1 4
215 5 2
6818 4 5
4919 2 2
6397 1 1
8790 5 3
610 4 1
4208 5 3
8430 4 5
5675 1 2
8929 2 4
2481 2 2
7233 5 4
3401 4 5
7523 4 2
2728 1 5
3377 2 4
4575 2 4
82 2 2
9787 2 2
5472 1 2
802 3 4
4584 2 3
205 1 2
3842 2 2
7007 4 1
9584 2 3
2821 2 4
5594 5 1
380 2 1
3378 3 4
4322 3 4
5412 4 4
4347 3 4
1510 5 3
4901 1 2
8788 2 2
9716 4 1
3266 3 1
8599 3 1
9306 4 2
918 3 3
5928 4 5
1493 1 2
6741 5 3
9003 3 1
4317 2 5
5940 5 5
2047 2 3
5165 3 3
9232 5 4
1826 2 2
9209 5 3
8864 4 5
6274 4 3
287 2 2
6824 1 5
1467 4 3
4639 3 3
289 2 5
500 2 2
7563 5 2
4207 1 3
52 1 1
3084 5 1
8835 4 4
4654 4 2
395 2 1
4412 1 2
6003 2 4
9806 4 5
7648 5 4
5428 2 4
6084 2 2
8388 3 5
6111 5 2
9348 1 1
4248 3 3
2236 5 1
2498 3 4
8993 5 1
1555 3 2
2870 5 1
9795 1 2
7961 5 3
3031 1 1
2437 1 4
6922 1 5
1289 4 5
6154 1 3
6979 3 1
1462 4 4
8861 4 3
7850 3 5
7435 1 4
4782 5 4
7896 2 1
1706 4 2
9344 3 5
8952 1 5
2196 4 1
2859 4 3
3432 2 2
8913 1 5
2648 1 1
7621 4 4
4110 4 4
6210 3 3
5095 4 1
4513 4 5
999 2 3
7192 3 4
8232 2 3
4634 4 3
8358 1 1
720 4 1
74 1 1
3913 4 3
6385 4 4
1355 5 1
6139 3 1
6981 2 5
9577 4 1
2333 1 2
7753 4 4
4865 1 4
7609 4 1
2371 3 3
427 3 3
9695 3 4
1820 4 1
3431 5 5
6456 1 3
7719 3 3
4250 3 3
4841 3 5
290 4 4
6295 1 3
5197 2 3
49 2 1
5378 4 2
6973 5 1
1017 3 2
9761 4 4
4076 4 5
2672 3 3
5529 2 2
480 5 3
7343 2 1
4232 5 1
1667 4 5
5694 1 5
3625 1 2
3282 3 3
5173 1 1
796 3 4
5307 4 5
6543 4 2
1351 1 3
7924 3 1
8008 1 5
1834 5 4
5229 2 2
4803 5 5
3424 2 5
1360 4 5
3081 5 2
7508 2 4
1205 4 5
6753 3 1
1995 1 4
5048 5 4
2028 4 2
2787 4 2
3710 5 2
1199 3 4
5562 5 5
5607 3 3
9226 3 2
2619 2 2
9947 3 5
9515 1 5
4659 4 4
2203 4 1
8888 4 5
2684 1 1
8114 4 1
7130 5 2
3577 2 5
5248 2 5
2614 5 4
7933 4 4
8609 5 5
5732 3 3
5310 2 3
628 2 1
54 5 4
4230 4 4
2958 1 1
620 4 5
5186 2 5
2903 1 5
7983 2 3
7266 4 2
8480 4 4
3310 5 4
3265 2 5
7355 2 5
6455 3 4
4539 2 3
7853 2 2
125 3 3
2479 3 3
2992 2 5
5818 2 4
7709 3 1
4986 5 3
4270 2 2
813 3 4
2208 4 3
9686 3 3
2944 1 2
8160 5 1
2384 2 5
8651 1 2
8811 5 3
2220 5 5
7772 4 5
8954 4 5
18 5 2
9506 3 3
5325 3 1
5154 1 2
8850 1 2
2609 5 2
7976 5 5
5955 3 5
5980 1 5
4856 2 4
8332 2 4
8725 2 2
4415 5 1
5127 3 4
5200 1 1
6920 5 2
4567 1 1
6023 5 3
9977 2 3
6694 2 1
6059 3 2
9801 5 4
8476 5 5
3025 1 1
9038 4 2
4458 1 2
9087 4 3
8082 1 1
9638 3 5
7085 3 5
4510 3 3
2243 4 3
5053 3 1
1011 1 4
2130 5 2
786 2 2
6720 1 2
7277 5 3
1418 5 2
3984 3 2
3980 1 2
7294 1 2
9879 4 3
4687 2 5
2138 1 5
4039 1 3
668 5 4
8708 5 3
6314 5 4
1088 1 2
1315 3 2
487 4 4
7161 2 2
1106 4 2
463 2 1
6878 2 3
8735 3 4
8614 1 1
6662 2 1
3447 3 4
8962 4 1
7867 1 3
1852 1 3
3415 4 1
1697 4 1
5195 5 2
6095 3 1
6482 1 4
9192 2 1
2962 4 4
7368 2 1
5973 4 3
3325 3 2
4712 3 1
3259 5 4
8823 3 1
9632 1 2
2482 2 4
2047 1 2
8342 4 2
9608 3 4
7716 2 5
4546 5 2
9050 4 3
3379 5 3
8412 3 2
9672 2 5
4105 1 4
6138 3 4
5050 5 1
4189 3 3
8377 4 1
1531 1 3
2614 3 4
4528 4 5
4773 1 4
777 5 4
6706 4 4
157 4 1
4447 3 2
9243 3 5
4031 2 3
90 1 1
7082 4 2
8251 2 5
8467 1 2
2099 5 4
3119 2 5
4248 5 1
9098 1 1
7920 2 3
6703 5 1
4674 3 4
4656 5 5
4226 2 5
1536 5 3
1207 4 3
4603 5 3
2270 4 3
9591 5 1
2656 3 4
7331 5 3
6545 5 4
8263 4 3
9595 3 5
5434 4 2
4342 4 5
4850 3 4
9827 5 5
8032 2 1
6735 2 5
7818 2 2
4246 4 5
5571 4 3
6423 1 4
3393 5 4
9946 2 1
3494 3 4
3661 1 1
8676 2 2
2972 1 4
4836 5 2
9168 3 5
384 3 1
6529 1 1
974 5 5
1629 4 2
7892 4 2
931 3 4
5218 3 1
2279 4 5
4915 1 4
7385 3 4
164 5 3
8267 2 3
186 2 5
9314 5 4
261 1 4
6879 1 2
3713 2 3
2688 4 4
1860 5 1
6385 4 4
8522 1 5
2900 2 5
3461 2 5
2786 4 3
6800 5 5
9602 4 3
2677 2 1
7767 1 5
82 1 1
44 2 5
9470 2 3
537 1 4
1211 4 4
1291 3 5
9258 1 4
5248 2 4
6315 4 3
7118 3 3
3686 2 5
6199 2 4
8693 1 5
1810 5 5
596 3 4
6525 3 3
5524 1 5
586 3 1
8594 4 1
7633 3 2
7191 2 3
8117 3 2
9781 2 2
2602 3 2
6287 4 2
2158 2 2
3245 1 4
6937 1 2
2618 4 1
8052 4 1
8951 2 2
3872 1 2
2986 3 4
4303 1 5
6208 3 4
5759 4 3
7697 1 1
5807 1 1
6597 4 5
4130 1 5
5019 5 3
8749 5 5
4645 5 2
3866 3 1
8391 4 2
94 3 2
4939 4 4
8172 2 1
1316 4 3
3006 1 1
3566 3 1
3499 3 2
5119 1 3
4969 4 3
8373 3 5
677 5 1
1948 2 5
6540 4 5
9456 2 3
2495 4 2
4555 4 1
5127 1 4
3389 5 1
4837 1 5
8040 1 3
5334 5 3
222 5 5
8188 1 1
4633 5 2
4864 5 5
4939 2 2
2028 3 4
6993 2 2
1916 3 3
7606 4 2
865 3 4
8647 2 1
5210 1 4
7326 3 1
334 5 4
9839 1 3
8367 4 5
8270 4 4
9865 1 2
3174 5 3
266 2 3
4187 5 1
8713 1 5
3216 4 1
4046 3 4
5194 4 3
5827 3 1
7528 1 2
6479 1 5
9840 5 5
1372 3 2
9645 4 2
3927 1 4
3444 2 4
5162 5 3
5933 5 1
5406 5 4
5389 1 4
5016 5 3
483 5 5
5592 1 2
9818 4 4
718 1 5
313 1 1
3988 5 4
416 4 4
30 2 1
5297 4 1
8873 2 2
7242 4 1
6536 4 5
3865 4 1
8115 4 4
7282 4 2
2618 5 5
737 3 1
5939 3 1
3698 5 3
1323 2 2
1363 4 5
3060 2 1
6957 4 4
5574 5 5
5696 1 1
262 2 3
7371 3 3
4197 2 2
6109 5 1
4521 1 5
7096 3 5
7408 4 2
5561 3 4
751 5 4
2182 1 4
849 1 2
3628 5 4
6784 2 3
6841 1 1
1416 2 3
8757 4 2
6833 2 4
7352 1 4
3811 4 4
6207 5 3
424 1 5
228 5 1
2374 2 3
6579 2 3
3910 4 2
7718 3 1
531 3 1
6564 3 2
3891 4 5
5572 3 4
603 4 4
1161 1 5
8233 3 5
9778 1 2
268 2 4
5709 3 2
413 1 2
3332 2 5
2829 3 5
7585 4 1
639 1 1
9532 1 5
522 1 3
1177 3 2
2011 1 2
8128 1 5
2725 4 5
3783 5 1
3734 4 5
897 4 2
4771 2 3
6242 4 3
8868 1 2
6746 2 1
2563 2 4
1070 5 5
1132 1 3
9716 5 1
3825 4 5
9456 1 3
409 1 1
4318 2 3
9879 3 1
86 1 5
6646 3 4
8589 5 5
5578 2 3
9291 2 1
7697 1 5
2960 1 5
1647 1 1
4087 3 5
5692 4 4
3683 4 1
6863 5 1
4283 4 4
8952 4 1
7751 5 2
8157 3 5
2918 4 4
7128 3 1
8035 2 1
9802 4 5
3271 3 5
9400 4 3
2755 1 3
1037 2 4
3184 3 4
7061 1 4
2620 3 1
993 3 5
3063 4 2
5312 2 5
3900 3 1
7375 5 5
8967 5 3
1645 1 4
408 1 4
7439 3 5
2456 5 5
870 4 4
67 4 5
6365 3 1
7140 3 1
6192 3 5
2651 3 4
1546 1 1
5560 4 3
119 5 1
5665 1 3
986 4 3
4612 3 3
9190 5 2
8210 1 4
1147 5 2
5507 5 1
5020 3 2
8490 1 3
310 3 4
843 5 5
8039 3 4
1953 2 4
7774 3 1
2422 5 5
4401 4 4
37 5 5
2307 5 5
2837 3 4
8820 1 3
8677 5 5
2824 1 5
346 2 5
6339 1 3
5657 4 3
5491 2 5
1708 1 2
4250 4 1
6410 1 5
9071 1 4
6167 5 4
7033 3 3
3445 5 3
7731 2 4
9000 1 2
1180 1 4
3392 5 1
2299 2 2
755 3 1
7397 4 3
3292 3 2
5490 5 2
9512 2 5
3041 2 1
4059 5 3
7657 5 3
5718 2 3
5435 3 4
1982 5 5
1264 2 3
7329 2 2
5451 5 4
6365 4 1
3190 5 1
8998 1 5
9747 4 3
1452 4 5
947 2 5
3590 5 3
5794 1 2
1468 1 4
8035 1 5
8339 3 4
2326 3 4
4481 4 2
7865 3 4
6907 1 3
5822 3 4
180 5 4
4182 5 3
870 3 5
7152 2 3
4250 3 2
5698 5 4
548 5 5
3484 4 3
7642 2 1
6199 4 2
8584 4 4
1271 5 2
9186 2 2
2794 5 2
1442 2 2
6447 2 3
2439 1 4
4005 3 5
9615 5 5
1717 2 1
9686 3 2
8891 1 2
4419 5 4
3911 5 4
1061 3 4
7084 3 4
5052 1 1
786 2 1
705 2 4
5494 2 2
3167 3 2
3678 1 3
260 2 1
5835 2 4
8922 3 4
117 5 2
7728 5 4
1673 1 5
1503 2 5
6069 2 1
1440 3 5
7459 4 3
5926 1 1
112 1 4
236 4 5
2617 1 3
1760 3 3
6162 4 1
318 4 4
3624 5 2
7060 2 5
680 3 3
8104 1 5
2648 1 5
9317 5 4
2548 1 2
3808 5 2
5138 3 4
9867 4 4
3747 3 4
3703 5 5
6976 5 3
1815 2 2
9110 1 3
5900 1 2
306 3 1
5460 2 4
3926 1 3
1772 5 5
275 5 3
4922 2 4
4442 4 2
2538 1 2
46 1 1
32 1 1
3105 1 1
7371 1 5
2733 3 3
5279 1 1
3188 1 1
3534 5 4
1865 4 1
2446 2 4
6120 3 3
3492 5 4
7137 3 3
3614 2 5
8810 4 1
439 2 3
8993 2 3
8219 2 1
7080 3 2
5222 2 1
2107 3 3
7660 1 4
1137 1 4
290 2 4
763 5 4
7592 4 1
6266 1 4
2052 4 1
6271 4 1
1125 5 2
6900 4 4
2425 3 4
8361 5 4
3042 3 4
8242 3 4
1548 4 1
2101 2 2
763 4 4
586 4 2
2946 4 2
1608 3 2
4327 2 3
5124 5 3
9797 4 1
8618 2 2
3675 3 1
2432 4 1
1563 3 5
3265 1 4
3007 5 4
4569 1 3
4537 4 2
1616 3 4
647 5 4
3349 4 3
1605 5 3
6622 2 4
8152 5 2
8641 2 3
7077 1 2
303 4 2
4365 1 2
8335 1 4
2642 2 4
790 2 2
7618 3 3
5275 2 3
3402 3 4
5091 3 2
9525 2 4
5933 1 2
5123 3 5
8271 2 1
2013 1 3
9467 3 3
5153 5 2
2059 1 2
9866 3 5
6916 1 2
6931 2 5
5217 4 2
6850 5 3
707 5 2
386 1 2
8956 3 3
8823 4 3
3342 5 5
7311 5 1
1188 3 2
4380 1 4
5931 2 4
5277 4 4
1999 1 4
6081 4 5
699 4 1
1822 3 4
8700 3 2
3929 3 4
2689 2 4
3846 5 5
237 5 4
5927 5 2
1559 2 1
8679 5 2
4043 4 5
9046 5 2
2503 4 4
8523 4 2
5291 1 1
9480 2 2
741 4 2
8479 1 5
5316 3 4
5968 4 1
4496 1 3
1406 4 4
3173 4 3
6785 5 3
2532 1 3
3163 4 4
3118 4 4
4195 4 1
1909 1 5
7584 5 3
2697 3 5
9867 4 2
5965 3 5
8080 5 4
5880 2 3
3717 5 2
4926 2 5
4111 1 4
1469 2 5
4114 3 3
3346 2 1
7570 3 4
5086 4 5
81 5 2
4406 4 1
1667 3 3
8026 1 1
1281 4 1
3734 5 2
9704 1 5
7623 5 1
2925 3 3
8528 4 4
6853 3 4
255 4 5
2152 2 5
6758 4 1
4872 4 2
8461 5 4
2661 2 4
8796 2 5
7319 3 4
2157 1 2
6690 2 5
2218 1 2
1537 4 1
4920 5 1
6707 3 1
6553 5 5
8697 3 4
8889 2 4
3268 5 3
4351 4 5
2297 2 4
2371 1 4
3786 1 5
190 5 4
4798 3 2
153 3 4
2401 4 2
5599 3 5
9760 1 1
3037 4 2
5106 5 5
8441 5 2
9975 1 1
2266 5 3
7598 4 3
9381 1 5
2281 2 3
2969 4 2
1739 4 5
463 5 4
9122 3 3
3280 5 3
3109 5 5
4 4 4
4798 1 3
6082 3 4
2922 5 2
2584 1 5
8248 5 5
5512 5 5
9605 5 1
7097 1 2
8921 5 5
7616 3 4
3555 2 5
6203 1 5
3420 3 2
3000 2 3
6667 2 3
5331 3 1
3965 2 2
4015 3 2
5194 4 1
7293 4 5
9908 3 3
8464 4 5
2336 4 5
8052 4 2
2834 1 1
854 3 4
7558 3 3
7693 3 4
9880 3 1
4262 5 5
7079 3 4
4781 3 5
5910 3 1
1303 2 5
2347 2 3
7919 3 1
8504 1 1
3068 5 4
727 5 5
6419 4 2
8466 3 1
1193 1 4
5062 4 3
8923 1 3
9725 2 4
6890 1 2
7422 2 2
1423 5 2
1780 4 5
5400 4 5
1554 1 4
4199 2 3
7991 5 5
5683 5 1
3003 4 2
1188 1 3
4944 5 1
3770 5 5
6941 5 2
961 5 4
8661 1 5
6477 1 1
6787 5 2
4115 5 2
3200 2 5
1523 3 5
4982 1 4
7019 2 5
243 1 2
7852 3 4
1983 5 1
6689 3 5
2181 4 1
5846 1 3
3678 2 5
1369 1 2
1724 5 3
3298 3 4
7361 2 5
2372 4 4
1230 3 3
3489 3 4
1388 5 5
1053 2 4
4950 4 2
4168 3 5
9207 2 3
9073 1 2
5019 3 4
5998 3 4
7062 5 1
6549 4 5
9622 3 3
4789 1 2
5762 3 4
4049 3 1
5055 5 4
5399 5 5
4435 2 1
2891 1 1
7320 4 1
3231 2 5
615 1 2
5469 3 2
6203 3 3
9142 2 2
5749 1 4
6256 1 3
9059 1 3
3911 4 5
5947 5 5
412 1 2
7342 4 1
3783 2 2
8298 4 3
6014 3 5
9971 4 3
851 5 2
3690 4 1
7978 4 1
4866 3 2
525 2 5
3306 4 2
6205 4 1
8504 1 3
8688 5 2
727 1 2
2785 1 2
4367 1 1
1297 4 4
7658 4 3
3881 5 3
56 1 1
9932 1 5
5880 1 1
4637 1 5
4274 1 5
2158 1 3
2486 5 3
8091 2 4
3784 1 4
1440 2 1
8752 2 5
1517 1 3
740 2 3
2606 3 1
6916 2 5
912 5 5
1661 2 4
6144 3 2
6928 2 1
4374 2 2
6622 3 2
5506 4 2
806 3 5
8829 4 1
4476 3 5
3173 3 5
9424 2 2
7829 3 4
5656 5 3
2114 1 3
4495 4 5
3723 3 1
9067 1 1
867 3 2
4104 4 2
3992 3 3
7357 2 3
2306 2 1
2925 2 3
9031 5 2
4781 4 3
7076 5 2
5241 3 1
6510 2 5
1847 2 4
3074 3 3
6383 1 1
9318 2 4
7107 5 2
9383 1 1
2851 2 1
3995 3 1
8468 1 4
5611 4 3
205 4 1
4569 2 4
9314 2 3
4164 1 4
5588 2 1
2934 3 4
4489 3 5
4732 4 2
3225 2 1
8287 4 1
5203 1 2
3312 3 5
8231 5 4
8339 4 3
574 1 1
5609 5 4
5479 1 4
7729 4 2
9626 3 3
9157 1 3
922 5 5
5307 2 3
5959 1 5
2173 1 5
8108 2 3
2145 2 2
8963 1 3
9154 5 5
7916 1 3
7933 1 5
9763 3 1
7643 4 3
8642 3 1
9110 5 2
441 3 4
7162 1 1
7884 3 5
2287 1 1
4135 2 2
732 5 4
674 2 1
7782 1 3
5854 3 4
3282 4 4
1565 3 2
83 4 1
3149 2 3
4627 2 4
367 3 1
6833 1 5
6771 1 3
5359 5 5
6 4 3
9091 4 3
2964 4 3
4967 4 1
8004 5 3
9592 2 2
3406 1 2
4501 4 4
2381 1 3
2700 2 2
4250 4 3
440 5 4
4408 3 4
4095 5 5
4825 5 3
9192 5 5
7250 5 1
4480 3 4
2742 1 1
7981 3 5
3695 2 4
969 4 2
9552 5 2
101 1 3
9279 4 2
2601 5 4
9066 3 2
7086 2 3
5126 2 1
5109 3 4
7622 1 4
5130 4 4
9791 4 5
4855 2 2
7143 2 5
5328 5 1
7191 4 5
2189 2 4
9544 5 3
245 5 5
9898 5 1
9656 3 5
1742 2 3
3151 2 3
4084 3 2
5448 4 1
3259 4 2
456 5 5
779 4 5
3491 1 5
9040 4 5
6420 5 5
2812 3 5
2887 3 1
9468 1 5
3014 5 5
4920 4 5
69 3 2
3510 3 3
4380 5 3
2726 4 1
9593 2 1
4776 4 4
54 3 3
1818 1 2
295 5 5
7809 5 1
4207 1 4
8392 3 5
2554 1 2
1127 1 2
6516 5 2
1453 5 1
5327 1 4
8277 5 5
2754 5 3
7155 5 1
3787 5 4
7175 1 5
3873 4 1
4866 4 1
7921 4 2
148 5 5
9441 3 4
7599 5 2
5521 5 1
3576 1 2
2536 5 2
2613 2 1
8953 2 4
7200 4 4
317 5 4
7997 3 4
2364 1 5
943 2 3
344 2 5
8901 1 5
8921 2 4
6032 5 4
8710 3 1
7455 2 2
8080 5 4
4805 3 2
2584 1 2
468 4 5
5472 4 2
4827 2 4
2391 1 5
6909 3 4
4174 2 3
5509 2 3
6631 2 1
7034 4 2
3660 2 2
7270 2 2
2004 1 3
8594 3 2
439 4 3
9739 2 1
7497 2 4
4473 4 3
1094 5 1
2753 5 5
5980 2 2
9724 2 3
7524 4 4
7318 5 3
9378 1 4
6007 5 2
968 5 4
6647 5 5
3121 2 5
8649 4 5
8781 4 3
2099 1 5
4965 5 3
8460 4 1
1127 3 4
5279 1 2
3219 2 4
4370 5 5
2075 4 1
8370 1 5
162 5 2
6335 3 4
1770 5 1
8010 5 1
1519 1 4
8126 5 1
5898 2 5
2312 2 5
4993 2 4
6982 3 5
8608 3 2
4424 2 5
7623 5 4
348 2 1
2966 4 3
57 2 1
6244 5 4
7661 2 3
1153 2 5
7844 2 1
9929 4 2
8025 3 5
5718 4 2
1092 5 1
6059 2 5
8630 3 3
3484 4 2
1183 3 4
94 1 5
5820 4 1
7676 1 1
9214 5 4
6597 2 2
2837 2 1
884 3 1
7607 2 2
5244 2 5
788 3 2
7162 4 4
6815 4 3
8333 2 1
1787 2 3
9686 1 5
9058 1 4
5670 1 2
6133 1 4
6264 2 4
6461 5 2
868 1 1
7515 2 1
8984 2 1
2639 4 1
8723 1 1
9111 5 5
8584 2 4
2427 2 2
5850 1 3
4250 1 5
6950 5 1
8809 1 1
7958 1 1
291 4 3
5113 3 1
6739 5 2
8695 1 2
2638 5 1
4082 1 3
8025 4 1
7869 4 1
6723 4 5
881 4 5
7264 4 5
779 4 2
2155 3 2
5474 2 2
6955 4 3
3539 4 1
9927 2 3
5873 1 1
2135 2 2
7583 4 2
6695 2 3
474 1 4
8183 2 5
6737 5 4
3461 1 2
1241 1 1
5142 5 3
8123 4 3
9724 4 3
7304 3 1
6566 5 2
2404 3 5
5775 2 2
7135 3 4
1057 1 1
7196 4 4
6090 1 4
5156 2 3
301 5 2
3179 2 5
8583 2 3
1533 4 4
4923 3 1
744 1 2
2485 2 5
9736 5 4
4258 5 2
7489 3 5
115 3 3
1504 4 2
7614 2 2
9011 4 3
1556 5 5
9560 2 2
9998 4 1
2140 3 3
5801 3 4
1796 3 5
8013 5 1
5084 4 3
3408 1 4
1754 1 5
8275 5 3
362 2 1
2817 4 4
1528 1 2
1611 2 2
6951 1 2
8938 5 5
3852 1 1
5682 5 4
6253 2 4
6140 3 2
4021 4 2
7024 1 4
3601 4 5
4412 4 1
5894 5 4
59 5 3
9597 2 4
9907 3 4
2571 3 2
3763 3 2
9618 1 5
920 3 2
9932 5 4
7807 5 4
8219 2 4
338 3 1
9676 1 4
7059 4 2
4339 1 4
7004 3 1
9914 4 1
9074 4 1
3866 3 1
7426 5 5
3127 4 2
8448 4 2
4242 2 5
4747 5 4
1671 3 2
560 1 2
4013 2 2
3274 3 5
1086 3 5
3890 5 4
5429 3 3
4996 2 3
9242 5 5
8526 5 2
8954 4 5
5523 2 4
1192 5 4
645 4 5
4767 5 1
4975 2 3
4030 2 3
3841 2 5
9203 3 2
620 1 5
7457 3 2
4042 2 5
67 5 1
6649 4 3
2578 2 3
6104 3 4
5818 5 5
8464 4 3
5733 1 3
6594 1 2
9292 2 2
5282 1 1
9397 1 3
9523 5 3
3738 1 4
9857 2 3
1495 4 5
6686 5 4
4922 3 1
9366 3 1
1912 2 3
8841 1 3
834 5 5
4378 2 2
6746 1 1
3154 5 1
3837 3 1
2951 1 1
356 3 3
4136 3 5
6127 4 5
796 1 3
8127 4 5
8389 3 5
5240 3 5
7159 2 1
9635 2 3
1705 3 1
1262 1 4
7161 3 4
8476 2 5
429 2 2
6056 3 4
9559 2 2
6756 2 5
5235 3 4
3168 5 4
5146 1 3
7942 2 1
741 1 5
9678 5 4
34 1 2
794 4 3
8488 5 1
8632 3 4
5634 1 2
3055 1 2
8322 3 3
1636 2 3
2393 3 1
3505 4 5
3190 2 2
2957 4 5
8568 4 2
4411 4 3
1274 3 2
5406 2 1
288 1 4
7653 1 3
9326 1 3
8754 5 2
6744 5 2
6938 3 3
8519 1 3
1766 3 3
7575 3 1
213 1 2
1032 2 3
752 2 1
4303 1 2
6978 3 1
799 1 1
5835 2 2
8575 3 3
5900 5 1
3435 4 5
5393 5 2
5910 1 3
3553 4 3
153 1 3
1460 5 3
8670 4 4
2865 3 1
4794 3 3
5431 1 5
7151 2 1
5548 4 5
4953 5 5
8410 3 4
9992 4 5
1416 3 1
940 5 4
3841 5 2
976 1 4
3647 3 1
3610 5 4
7648 2 5
9649 1 5
8705 2 1
9721 2 5
1995 4 2
536 5 1
307 1 5
2472 5 4
6046 2 4
8160 3 3
6919 4 2
9748 2 5
5235 3 3
1928 4 1
736 2 1
5143 4 4
920 4 4
6353 2 2
820 3 3
2425 2 2
5973 5 4
3055 2 5
4982 2 4
1498 5 3
2317 4 4
2483 4 2
2443 1 4
630 5 4
8000 5 1
6870 4 3
3683 3 3
8858 1 1
9252 4 5
9146 3 3
5445 5 3
4641 2 1
5140 2 3
9219 2 1
6759 3 1
15 4 3
5061 5 2
8550 3 5
6841 4 3
3027 3 5
1971 4 1
7859 4 1
5893 3 5
2103 2 5
1482 4 5
7690 3 4
492 2 2
1308 5 1
5492 5 2
5125 3 4
2250 2 3
599 5 5
3403 4 3
5312 3 1
798 5 2
7680 5 1
7095 5 2
6424 1 4
1070 3 3
8183 1 5
6385 4 5
6288 3 4
9875 2 4
6851 5 3
6537 3 2
8141 5 3
541 2 3
436 4 1
7511 2 2
4095 2 5
7004 5 4
1650 4 1
717 1 1
1240 4 3
6448 2 2
1769 3 1
8024 5 3
533 1 4
5288 2 2
6788 2 4
1654 4 5
233 5 3
7310 3 1
7544 3 1
552 1 5
4697 4 4
3077 1 5
7914 5 4
990 3 2
2849 1 2
8225 5 2
6576 4 5
8594 4 2
7516 1 3
3138 3 5
2613 2 5
7004 5 1
7561 3 5
5563 1 5
4125 4 4
5536 1 4
7590 1 3
62 4 5
8597 5 5
7212 4 5
7651 3 2
7898 3 2
8356 3 3
218 4 3
2511 1 4
8052 5 4
7156 1 5
6916 1 2
2402 5 3
7242 5 5
5446 1 4
6559 3 3
1788 3 1
2645 2 4
7144 2 2
2639 3 3
8520 1 2
2293 5 1
6253 3 5
5968 5 5
138 1 2
9170 5 4
7302 1 4
5263 4 2
4732 5 3
7933 3 5
2289 1 5
8965 2 1
6227 4 2
3255 3 4
9661 1 5
1664 1 2
2987 4 5
3123 1 1
5061 4 4
1200 1 1
902 5 3
2921 1 3
9068 5 3
6900 4 3
1200 3 5
685 5 1
6264 1 5
7897 2 5
2559 2 1
4423 5 3
7023 5 4
7661 3 3
4437 5 2
1959 4 3
9866 1 4
888 2 3
3813 5 2
9360 5 5
8088 5 4
1666 5 4
9472 5 3
7929 5 2
5162 2 4
3537 5 3
4936 3 1
1659 4 4
2012 1 1
5502 2 3
845 2 5
9119 1 1
131 2 3
4717 4 2
2097 5 2
3231 5 5
4620 3 5
3064 4 4
4500 5 5
2083 4 4
763 5 5
662 2 1
8139 4 4
518 3 4
7278 4 2
342 1 4
7717 1 2
5384 2 5
38
77
98
100
360
369
371
515
556
571
668
810
1152
1311
1404
1813
1828
1980
1985
2140
2164
2230
2287
2387
2431
2485
2487
2605
2612
2700
2777
2891
2907
2937
2962
3238
3351
3353
3389
3443
3449
3453
3526
3567
3684
3732
3867
3955
4121
4431
4597
4738
4918
4955
5477
5509
5565
5602
5605
5695
5738
5784
5806
5850
6130
6177
6467
6478
6881
6930
7196
7459
7522
7550
7565
7588
7638
8133
8222
8267
8302
8493
8509
8689
8748
8758
8908
9000
9234
9478
9532
9557
9586
9591
9619
9627
9675
9908
9925
9960
