5000 100 5000 1
1927 4 3
7104 4 3
5268 1 5
5026 4 3
7282 4 4
5334 4 2
437 1 1
4498 1 3
7216 5 4
3052 5 2
2616 4 4
8458 4 3
5749 3 1
6091 1 5
7535 1 1
1156 3 5
4022 4 5
4848 3 1
4210 4 3
2122 2 3
9588 3 2
8132 5 5
1247 5 2
6310 5 1
4327 2 1
6965 1 5
8260 5 2
1785 3 2
4254 2 3
6355 4 1
4312 5 2
6303 1 1
4126 2 4
8474 5 1
4459 2 3
3993 1 5
8188 1 3
9189 3 2
7323 3 5
99 3 2
314 4 1
7560 5 4
9743 3 2
1687 3 4
6931 2 3
8566 2 5
7825 5 5
9756 5 1
1081 3 4
3759 2 2
5913 4 5
3798 5 3
3422 1 2
8325 2 1
7495 3 3
6510 1 5
54 1 3
8961 3 4
8644 4 5
1582 5 1
4323 2 3
1812 3 1
3108 3 2
320 4 1
8971 1 2
2519 1 4
575 4 4
4471 2 4
2573 2 1
8879 1 5
1240 4 1
9639 4 1
1897 5 1
8352 1 2
7722 2 1
1859 5 2
1875 4 1
8854 2 3
4366 1 3
7390 2 2
2304 2 5
4360 3 5
8660 2 5
3556 2 4
3861 4 2
2087 2 4
3981 2 5
1048 5 2
8203 2 1
1552 3 3
5369 4 5
15 3 4
962 2 4
5306 4 4
1619 5 5
1443 3 1
1164 3 2
1073 5 3
4080 4 1
6716 3 2
9658 3 2
908 4 1
7767 3 2
9336 4 1
1516 1 1
4974 2 5
4063 1 4
8998 1 3
1788 4 2
3281 3 1
906 5 4
5396 5 1
1986 3 5
5452 4 1
1331 2 1
6061 4 1
8083 2 1
8920 4 3
1985 4 3
1992 1 5
9597 2 2
7576 5 5
9140 3 5
1012 4 4
1291 5 3
8442 4 2
7504 5 5
6699 1 5
8828 2 3
7700 4 3
8233 2 5
8254 2 2
8935 5 5
737 4 3
1982 3 2
2941 4 4
1521 1 4
6892 5 2
7001 5 3
8920 4 5
6831 5 4
6906 1 3
2220 3 1
8713 2 2
3592 2 2
3389 1 3
9406 2 3
4423 5 2
4244 1 1
4321 4 2
533 1 4
8776 2 3
4652 2 5
1998 3 2
2804 1 3
3569 2 4
7078 3 1
2429 5 2
641 5 2
3096 3 2
2552 5 3
631 2 1
2221 1 3
4528 1 2
2498 3 5
1226 3 2
551 1 3
4648 2 2
6232 1 4
5410 3 5
861 3 4
9226 4 1
3978 4 3
4364 2 2
8574 1 2
5073 4 1
7165 2 5
4235 4 3
6024 3 2
9115 4 2
8346 4 5
3456 3 5
2717 5 3
3377 5 2
1598 1 1
2051 4 1
1385 2 1
6651 4 2
100 2 2
8464 4 4
5355 1 5
7924 4 4
3165 2 3
7036 3 5
1386 4 4
5313 4 3
760 5 3
6882 2 1
1533 5 3
4287 5 5
5058 2 3
9273 3 4
8066 5 1
4248 3 1
2827 1 5
4472 5 3
2551 1 5
4418 5 2
5595 1 1
495 3 4
3681 3 1
4969 2 5
109 2 1
2173 1 5
7418 4 1
6066 4 1
5390 2 4
5876 5 4
5500 2 1
4371 2 4
2870 3 3
1093 4 1
1499 1 5
9195 1 1
365 1 5
910 3 2
3882 5 3
3262 3 4
9992 3 3
3696 2 2
6434 3 5
1485 5 3
3862 2 1
3096 4 1
5320 5 5
5354 1 1
3963 3 4
3432 1 1
9068 4 2
5020 4 1
192 4 2
3243 3 4
2 1 1
7906 3 1
9381 2 1
650 1 2
720 5 1
671 3 2
1262 2 5
8576 3 1
3380 4 2
3854 1 4
5128 2 1
230 2 2
322 4 3
506 1 2
1627 3 2
5204 2 4
4473 1 3
3792 1 3
7833 3 2
6684 3 2
2185 1 1
7518 1 2
2034 5 5
1769 3 5
4736 3 4
3089 1 5
8488 5 1
6592 1 5
9817 1 2
1784 2 3
5382 3 3
667 3 5
5149 5 3
1247 1 4
5368 3 3
2196 4 1
2596 3 1
8459 4 4
4355 2 1
35 5 4
438 3 2
6661 5 5
9181 4 4
7920 2 5
6410 1 4
2595 3 2
1410 3 5
4437 4 5
1624 3 5
5257 3 2
9619 5 1
6805 3 1
7470 2 5
768 5 2
3640 4 4
689 3 2
7848 1 5
3945 1 3
7833 4 1
1868 3 1
3406 1 2
6670 2 3
5891 3 2
7669 5 5
4444 2 1
6127 1 2
415 5 3
1904 3 1
3797 4 2
6085 4 5
5229 2 2
5880 5 1
6147 4 5
4891 4 2
4385 5 5
8761 4 3
635 5 4
3248 1 5
882 1 1
5084 2 4
131 5 5
8922 5 3
5955 4 5
590 2 3
3713 2 3
1684 2 3
3997 2 2
3714 2 3
3747 1 1
1245 3 5
2147 1 5
1415 5 1
9384 2 1
223 5 1
5119 3 5
528 1 3
3929 5 2
9328 1 1
6767 4 3
3040 3 5
1794 3 5
2604 3 1
2267 5 1
6334 1 4
6107 3 5
5186 3 3
1536 2 1
2302 1 4
7155 5 2
4856 1 1
3935 3 3
2269 4 5
5289 5 4
9205 1 1
265 3 5
1649 5 2
2913 2 2
5404 5 4
8035 5 4
3846 1 5
5574 3 5
5795 1 3
8459 1 5
3414 2 1
2323 5 1
2533 5 4
4014 4 5
3841 2 2
3422 1 5
2648 3 3
4838 5 1
8088 5 2
2793 5 1
5039 2 2
4506 3 1
7863 4 4
8629 2 1
8245 5 5
4208 4 2
8311 4 1
1128 4 4
9582 5 5
4754 1 2
7466 1 1
7788 1 2
2143 3 1
673 4 5
942 3 1
9820 4 3
2055 3 4
9315 1 1
9057 1 1
2399 3 1
2151 3 4
3817 3 5
2091 1 3
629 2 3
8103 5 2
8890 2 1
1293 1 1
5253 4 5
3568 1 1
1338 1 2
4615 3 1
9695 1 5
6859 1 3
1390 5 1
4682 1 4
3108 4 2
3816 3 2
8449 1 1
1073 5 5
2639 1 2
9180 3 1
8862 3 2
2651 4 4
6092 5 4
4703 1 3
808 1 2
5736 5 3
548 5 3
31 2 4
9486 3 3
1161 3 3
7133 1 3
690 5 1
39 2 4
6062 3 4
1939 1 2
6237 4 4
3480 2 3
4066 5 1
9436 5 3
2565 2 4
4841 1 5
8144 5 3
8485 2 2
4064 2 5
4207 2 3
1785 3 4
6648 4 1
9415 1 1
5558 2 5
74 4 4
3568 1 3
9088 4 5
2762 4 5
5307 3 2
215 3 4
1618 4 4
1114 3 4
8359 4 1
3305 2 4
5899 2 5
8686 3 3
4731 2 3
4425 3 5
9325 4 3
2942 4 3
3343 5 1
7669 4 4
5840 2 5
9909 2 2
4406 5 4
4845 5 4
4497 3 3
3416 3 2
4937 5 2
4123 1 4
4675 3 4
6567 4 4
7227 2 2
5811 5 3
2510 2 5
4491 4 4
8348 2 5
7506 1 5
3664 4 3
3280 4 5
8307 2 5
2832 1 3
4005 1 4
6975 1 3
8398 4 2
8572 4 3
1716 2 5
6500 5 5
7147 2 4
9685 4 4
8931 5 4
4855 5 2
229 4 4
6827 2 5
673 3 4
6791 2 1
4811 2 5
7471 4 5
6651 5 2
751 1 5
330 5 3
1901 3 3
9593 3 1
7231 1 4
107 2 2
3342 2 2
4057 4 1
8557 3 3
3301 4 1
1569 3 2
958 3 5
5514 4 2
7553 4 3
9884 3 1
6246 3 2
1009 4 5
5002 3 3
3913 2 1
4225 4 5
7218 5 1
3157 4 2
8088 3 1
608 4 3
5111 5 2
8037 3 2
6669 5 1
3042 5 5
9640 3 2
6473 2 4
9040 3 4
4906 4 5
9633 2 1
1274 1 5
6864 5 2
1472 5 5
4033 5 2
3146 1 5
2277 1 4
3770 2 3
2938 4 2
3695 4 5
4887 3 5
3023 3 1
37 1 1
2716 5 2
111 2 1
3115 5 5
5130 3 3
7278 5 4
745 5 5
2673 2 1
5935 3 1
1937 5 2
3684 1 5
7255 1 3
6095 5 4
2504 5 5
2796 2 2
373 4 4
8158 5 2
5779 3 2
4376 4 1
704 2 3
8303 5 4
1775 1 5
9585 1 3
4797 4 2
9897 1 1
2011 2 1
7395 4 4
3481 4 4
2780 3 3
5306 3 1
7463 5 1
3590 4 5
1949 3 3
6402 4 5
1202 2 3
2402 3 5
5460 5 1
6130 4 5
2269 2 5
5267 3 4
6537 3 4
8322 4 2
3991 2 5
2135 1 5
4549 5 2
2928 5 2
1343 5 3
6245 1 4
9316 4 1
9633 2 1
6590 4 5
9131 3 2
4641 5 4
5658 3 1
2093 2 2
1789 2 3
1657 2 5
5565 3 4
3977 4 5
8040 3 5
182 3 2
2517 2 3
3543 3 4
9305 2 1
4882 2 1
2478 1 3
5705 2 5
947 5 1
6067 3 5
4381 3 4
2823 1 2
1470 3 4
2293 4 2
7668 3 3
932 3 3
4727 4 1
963 4 2
7033 5 3
7450 2 5
5384 3 1
2255 3 4
3902 1 5
5136 1 3
3868 3 1
6073 3 1
8927 2 3
7047 4 5
4426 2 3
9436 4 1
6670 4 4
1979 5 3
8974 4 3
9135 3 3
1730 4 4
7760 4 2
8538 3 5
5016 4 4
487 4 3
9565 5 1
9573 4 1
229 4 2
3530 1 5
7014 2 3
5150 4 2
294 2 1
7851 1 4
6911 5 4
2174 2 1
8680 5 5
4449 2 5
4883 4 4
9973 4 3
2241 3 2
8281 4 1
1298 3 5
2726 4 1
6983 5 1
1465 1 4
7526 2 5
6358 2 1
5271 2 4
9187 2 5
5051 4 1
2034 1 2
1512 4 4
8616 2 2
2689 2 2
4225 2 4
9544 5 1
5667 3 3
8905 3 4
5850 2 4
9869 3 3
1432 2 1
3703 5 4
2389 2 4
1478 4 1
6189 2 2
9686 4 2
2312 3 5
7194 4 4
4292 3 2
1429 2 1
3490 1 2
3170 2 4
2604 4 1
1501 2 1
4578 2 4
6864 4 2
7755 2 2
1814 2 2
8688 3 4
1920 4 1
2272 2 1
1389 1 1
6275 1 5
6935 1 1
8839 2 5
2296 4 5
1338 1 1
1308 5 5
1193 4 3
3212 1 4
1659 4 2
3798 1 1
5008 1 3
4101 5 4
2195 2 5
8351 5 5
790 5 4
7461 5 4
7659 2 1
2851 3 3
4644 5 1
1121 1 1
2904 2 5
5075 2 3
6481 5 1
5783 2 2
1013 3 4
8503 5 3
1206 5 5
9128 3 3
3499 2 3
5456 5 3
529 4 4
4118 1 1
4231 2 5
3341 3 4
837 2 2
9797 3 4
8756 2 3
5741 4 2
1838 3 4
2753 1 4
451 4 5
9104 3 3
9881 5 2
40 1 2
8076 2 1
1076 5 1
8151 4 2
2361 4 4
9138 4 4
3314 4 3
9463 1 2
2222 5 2
5877 5 5
9655 5 4
9485 5 4
1532 3 1
8461 3 4
3832 5 1
3796 2 1
348 1 1
2929 5 5
4830 1 3
5343 4 4
2367 4 2
7341 4 4
5578 3 4
7021 3 2
7314 3 1
9399 1 3
4671 2 2
1592 1 2
9046 5 1
7965 3 1
6120 5 1
8444 4 4
9815 3 2
2017 3 3
2011 4 4
6126 4 4
5951 3 4
6508 2 4
7511 4 5
9421 2 3
4956 4 3
8989 1 5
7826 4 2
6456 4 4
771 2 5
1488 2 2
4416 3 4
296 1 2
6731 2 3
4992 1 4
3751 2 1
5213 2 5
4335 2 1
304 1 5
2263 4 5
7728 5 5
6532 5 2
1624 5 5
1089 5 5
7173 1 3
546 4 3
3110 4 3
6941 5 3
1860 2 3
8293 5 1
7132 3 3
5493 4 2
4858 4 1
9656 1 1
5157 3 4
1425 2 3
4467 3 5
9715 1 5
3526 5 5
5277 3 5
1955 4 1
1801 1 3
9815 5 1
922 2 3
3960 2 4
775 4 1
6493 1 3
9880 4 5
236 4 3
3659 3 5
1940 4 3
7654 3 3
1831 1 2
8463 5 1
2614 2 5
8361 4 3
1268 2 5
1831 1 5
6756 4 4
7571 2 1
9133 4 5
6302 3 2
5100 3 2
9758 2 1
612 2 4
5082 4 4
6326 4 4
8782 3 3
2816 1 3
8483 4 5
5072 3 5
9440 2 4
1507 5 4
6880 4 2
6916 3 5
9153 3 4
5673 3 2
8113 2 2
9198 5 2
1174 5 1
3048 4 2
5163 5 4
3012 5 3
5718 5 5
6379 3 2
8379 3 4
1401 5 2
9126 1 5
3315 2 5
4879 1 5
5203 4 5
239 3 5
2332 4 2
1601 1 5
657 5 4
7869 4 3
1021 3 2
5573 1 5
5891 4 4
68 1 1
9608 4 5
110 1 5
7292 5 3
6034 1 1
2464 3 3
1027 5 5
2738 3 3
2639 1 3
9260 1 5
1722 3 1
3620 5 3
6336 1 2
431 5 1
5789 3 2
4420 2 2
3984 2 4
8875 3 3
1929 2 3
7355 1 3
6810 2 3
2058 1 3
1063 1 3
1723 1 4
4955 1 3
1100 3 4
1621 1 1
1708 2 5
5583 5 1
6183 1 1
8823 4 4
5672 5 1
5274 4 1
9959 4 2
5723 5 2
1287 1 2
9345 3 3
8565 5 5
7634 2 5
2701 1 1
9369 4 1
2741 3 1
3031 3 4
3544 2 4
2281 3 3
9576 2 2
5694 5 1
3065 4 1
6043 4 2
6595 5 2
9042 4 1
9330 4 4
9712 4 2
6368 5 4
9481 2 2
3042 3 2
738 3 2
5553 4 3
1492 1 5
4388 3 2
4562 4 3
3332 3 5
2418 3 3
8685 4 4
3346 1 3
3935 4 4
2456 4 2
706 4 1
7164 4 2
7958 4 1
4475 5 5
6341 2 1
7924 1 5
797 1 2
4020 5 1
2511 4 5
5802 2 1
9388 2 4
742 2 5
8560 2 2
9444 5 4
8573 2 2
9709 2 5
4056 3 4
6122 5 2
901 3 5
129 4 2
7765 3 1
5067 2 2
4920 1 1
3204 3 2
4534 2 5
1687 1 2
7540 3 2
2959 1 4
6713 1 4
5072 1 1
1620 5 3
5841 1 3
4668 5 2
6491 3 2
6175 1 5
5014 2 3
712 2 5
9526 4 1
3990 1 1
9529 5 4
5792 4 4
7498 3 2
3479 1 4
4402 4 3
9985 3 2
5649 4 4
7314 4 2
1992 3 3
9635 5 2
3656 3 3
6550 1 3
3207 2 5
2011 3 1
60 1 3
2474 2 2
7054 1 1
1106 4 2
8717 1 5
5012 1 5
912 5 4
3391 1 4
8937 5 4
3961 3 2
5110 5 5
5770 5 1
2118 2 5
4372 5 4
7579 2 3
6240 4 1
4313 4 5
8447 5 5
6683 2 5
7827 5 4
5393 1 1
1963 5 1
8870 5 5
5075 4 2
4837 5 5
6059 4 4
3005 1 1
2271 4 4
6346 4 5
7099 5 4
6716 2 2
4653 4 2
3175 5 2
611 3 5
1624 2 1
3181 4 5
6664 2 3
4026 4 2
9386 2 3
7138 1 2
8724 2 3
6134 5 2
341 2 3
7240 3 1
1371 2 1
7765 3 3
2060 5 2
891 5 1
7782 3 3
2373 4 4
1579 4 4
8631 4 4
8684 1 5
3879 2 4
1825 4 4
5593 5 4
9335 1 3
2381 5 2
90 3 5
5665 5 4
934 2 1
4970 2 4
654 5 5
5173 1 3
9750 5 2
4690 1 3
3860 3 5
9636 2 4
305 3 3
4396 4 3
9187 3 4
5320 2 5
7849 1 3
4051 5 2
2582 2 4
3596 3 5
2150 1 4
6328 1 5
5045 2 2
1045 4 2
6909 1 1
2123 2 5
3939 5 1
4954 2 3
2837 3 2
7201 3 3
2879 1 2
9617 4 3
892 5 5
296 2 1
5922 4 2
4856 4 3
469 1 2
363 5 2
2518 3 3
2526 3 2
1030 3 3
8457 4 3
5400 1 3
1691 2 4
6954 1 2
2419 2 1
8991 2 5
3188 4 3
9184 1 4
4142 5 4
7713 1 2
6680 1 1
5245 1 2
4149 3 3
1745 3 1
2750 2 2
3934 4 2
932 2 3
5450 4 1
4850 3 4
6670 2 3
7327 4 5
9525 1 1
1412 1 4
4829 1 1
8459 1 1
4064 1 1
2092 4 2
9796 3 2
9626 2 2
8773 1 5
6433 1 2
4229 2 5
7151 3 2
9524 2 5
3911 3 3
719 4 2
9002 4 5
9693 2 4
7501 4 3
5491 4 4
1637 2 3
3631 4 3
5272 3 3
7971 4 2
1455 3 5
8535 2 3
6056 1 4
1291 3 1
3982 2 2
7020 5 2
4368 2 1
419 2 5
4314 2 3
8477 3 3
3238 4 3
143 5 1
4152 5 3
4385 5 2
2476 4 5
8703 5 2
9987 3 2
6433 2 2
6460 1 3
381 4 5
716 2 1
1510 3 1
9825 1 2
2689 1 5
4635 2 3
1802 1 3
290 4 2
6357 5 1
8810 1 4
8052 5 2
4567 1 3
3319 3 5
2732 4 2
8455 1 5
5916 1 5
6263 4 5
7008 1 3
9512 2 4
4714 2 5
9225 1 4
6536 1 2
2894 4 1
2239 1 5
6443 4 3
351 1 5
9575 3 2
2127 1 3
3404 5 4
6432 1 2
9599 1 2
5583 5 3
6639 1 4
8164 1 5
658 4 3
3152 3 3
5638 3 3
808 2 2
4501 2 3
9098 3 2
9698 1 5
1334 3 5
7260 1 1
3738 2 3
8622 5 4
8164 2 1
5570 5 4
4843 4 1
300 4 3
4608 3 4
4797 2 3
1776 5 3
2776 4 4
1476 4 1
1682 1 4
5498 5 3
8377 5 4
8051 2 2
7867 5 1
8843 5 1
7671 4 5
4273 3 4
7701 5 2
9620 4 3
8043 5 2
1647 3 2
4304 3 3
8203 2 2
1164 4 5
1865 4 2
5209 2 5
29 1 4
2420 2 1
1631 5 1
6487 4 2
1114 4 5
4171 3 1
6113 2 5
1496 3 5
4968 3 3
9118 2 1
7853 5 1
9022 1 5
5820 3 4
5903 1 3
1181 2 3
1761 2 5
9521 3 5
1079 4 1
1719 3 5
5996 2 4
9227 3 1
2071 3 1
145 3 5
722 2 1
8271 5 5
678 5 2
8471 1 3
4039 4 3
3696 3 4
2581 3 3
7501 5 3
6820 2 5
4655 3 1
4962 4 2
3551 5 4
5709 3 2
9536 2 3
7675 2 1
2106 3 1
403 2 2
1334 1 5
6722 5 4
9281 1 3
858 4 1
3341 4 3
1934 1 5
6589 1 3
866 2 4
8423 2 1
8788 4 5
9029 2 3
8439 5 4
2536 3 4
7182 5 3
2613 5 2
375 2 2
3253 3 1
2775 5 4
469 2 4
9551 1 3
864 2 2
1925 1 5
5762 3 2
3954 3 4
7509 2 4
4553 3 2
5299 3 2
5912 5 3
5731 5 5
6641 1 2
6131 3 5
3143 4 5
5381 4 1
8629 4 2
3763 1 4
278 1 5
1207 5 3
2981 3 3
2556 1 4
4047 5 1
9725 4 1
5301 1 4
7826 1 1
2332 2 1
6268 4 1
2808 5 4
1615 4 3
4068 3 1
9136 4 5
1055 1 2
6892 1 2
2591 2 2
1655 3 4
6715 4 4
9373 1 4
8184 2 3
2628 5 2
272 2 1
9550 1 1
2865 4 4
1841 5 4
3967 2 1
4271 4 2
1067 2 2
5155 5 3
6855 3 1
5717 3 4
1124 1 4
9927 3 5
9348 2 4
8728 1 1
9979 4 4
9606 1 3
6509 1 1
1626 5 3
3183 4 4
6256 4 2
1499 2 3
4232 1 4
1588 2 5
2192 1 3
6460 2 1
8521 1 1
3134 3 3
6101 1 3
1997 1 5
9600 1 5
2587 4 4
3884 5 3
2782 1 2
5713 5 3
9027 2 3
3200 4 2
723 3 4
3354 2 3
2884 3 5
2052 2 4
6696 5 5
415 4 1
7573 1 4
3748 1 2
5315 3 4
1151 4 4
9100 3 1
5497 3 2
2806 3 2
9606 5 1
3308 5 4
5689 4 4
3739 5 1
5240 2 4
2250 4 1
1674 2 5
2455 5 5
7229 1 4
61 3 2
5567 2 1
555 1 2
1350 3 1
9382 5 5
737 4 1
6090 5 5
6280 3 5
2695 5 1
6749 5 3
760 4 5
523 5 4
4479 4 3
1995 1 3
8497 2 3
9862 4 2
1865 3 5
9089 5 2
2684 5 2
2244 4 5
5560 1 1
1904 1 1
680 5 1
2451 4 1
7088 2 5
1036 4 4
5399 2 4
822 1 2
6853 2 1
6516 1 1
1018 5 2
6843 2 5
8117 4 4
377 2 4
9735 4 4
17 1 5
3322 3 2
7122 3 5
9239 5 3
3890 2 5
2664 5 5
5159 5 5
5584 5 2
1681 3 5
6055 5 5
7197 2 2
9220 2 2
7647 4 3
842 2 3
8515 1 2
3653 1 5
4590 1 5
3398 3 2
4786 3 5
5107 5 2
1649 4 1
5521 5 3
2358 1 4
8621 5 3
1952 3 5
6530 4 4
9540 4 2
3708 2 2
471 1 3
4942 1 2
1947 4 5
5447 3 5
1818 3 2
2348 5 4
2995 1 5
4846 3 2
1187 5 5
1877 5 1
6997 3 4
5358 5 3
5356 2 2
4446 5 3
20 2 5
815 5 2
9840 1 3
9487 1 5
6986 5 2
9739 2 1
5822 5 3
5581 2 5
6002 1 4
3104 3 4
3148 2 4
3213 5 3
9494 2 2
7202 5 1
3588 4 4
3157 2 1
4314 2 3
5091 3 4
7536 3 2
7759 5 3
6432 4 1
5383 4 4
2581 2 5
5922 2 5
2109 3 4
3871 4 2
1030 2 4
3942 4 2
7729 3 5
3027 2 1
6632 1 1
2009 4 1
4973 4 4
2517 3 5
6999 2 5
6243 3 1
6338 1 4
833 3 1
5106 5 1
8563 3 4
5467 3 4
9846 2 1
407 1 2
8330 5 5
4039 3 2
81 3 3
3129 4 3
1531 1 5
317 5 4
9309 2 2
2172 4 1
3451 4 3
8163 1 4
3118 3 1
5302 5 5
8431 5 4
9493 2 3
7720 4 2
9767 3 5
8673 2 4
1812 1 2
8188 5 1
5498 4 4
3751 5 2
9862 5 5
4457 2 1
4 5 1
3913 3 5
5274 2 2
5105 2 1
8961 3 4
9332 3 3
4663 3 3
9448 1 4
9462 4 2
1378 2 2
9675 1 5
9282 5 1
5641 1 3
7178 1 2
5970 2 4
5402 1 5
6917 1 5
6152 3 3
4417 2 3
8449 4 3
4717 1 3
7531 5 5
4067 3 4
3442 5 1
4352 1 5
3013 4 1
7729 4 3
5962 3 3
9669 2 5
8082 4 2
7249 5 1
4004 1 1
6733 2 5
225 1 5
8989 4 1
7074 5 5
3054 2 3
7421 1 4
4757 3 1
3775 2 4
4678 1 5
6846 1 3
870 4 5
9539 4 1
1704 1 3
334 3 3
2617 3 1
5789 5 2
3743 2 3
9360 1 5
2558 3 3
1937 4 2
4378 4 2
1479 5 5
3537 1 1
8779 3 3
6717 1 3
3780 2 4
7162 3 3
3324 2 4
6010 2 4
7181 1 2
598 3 5
8926 1 2
2777 2 2
3541 2 2
532 5 2
5026 1 4
5732 1 2
7107 2 4
4272 4 4
3367 2 1
4486 3 1
7814 4 1
943 4 3
7822 1 1
9136 4 2
7694 3 3
8752 2 5
4566 3 3
4010 4 2
5166 5 3
8021 3 4
1472 4 5
7073 3 3
8383 4 5
449 4 3
2689 4 3
3766 1 2
2112 5 2
5614 4 3
4915 4 1
7493 1 2
1329 2 5
6498 2 2
315 3 5
1090 5 3
2971 2 1
5249 4 2
825 5 3
4461 4 4
5846 2 2
2559 3 3
358 2 1
6318 1 2
3981 1 3
1341 2 4
8139 4 5
6480 4 5
1202 4 4
5718 4 5
9951 2 4
1719 4 2
7182 3 5
3961 5 3
240 2 3
5884 1 1
7984 2 2
4771 4 1
6329 3 3
2748 5 3
1776 5 5
5461 1 5
4018 2 1
7691 3 3
3620 4 3
2474 3 3
9681 4 2
8622 5 1
9898 1 1
6417 2 1
4054 1 5
842 5 4
6521 3 2
5822 4 2
6362 1 1
5487 5 5
5068 5 5
2913 1 4
3385 1 2
6220 1 2
6713 2 2
650 5 1
1365 3 1
1785 4 5
4431 2 4
948 5 3
5262 1 4
9088 4 2
9433 1 2
4982 3 4
1253 5 3
9190 5 4
4855 1 1
413 4 3
7092 4 2
289 3 2
6810 4 1
2915 5 1
5312 5 3
6450 1 2
9405 3 5
9540 4 5
7520 4 2
9052 3 2
1481 3 3
8311 5 1
4029 5 3
7433 3 5
4059 4 2
7685 4 1
1693 5 3
1848 2 3
7430 5 4
5681 4 2
568 3 3
5166 1 2
9526 3 2
1554 5 3
3226 2 1
2166 1 1
2300 3 3
5952 2 5
6220 4 1
8858 1 5
5636 1 5
6463 3 3
4143 4 1
2896 3 2
8669 1 4
5985 4 2
8 4 4
2304 3 4
1996 2 4
8101 5 1
8078 2 2
5156 2 3
9595 3 3
6086 5 1
2414 2 1
1993 4 5
6182 2 2
6243 4 4
7905 1 3
9073 1 1
7026 2 4
5888 4 2
3358 1 1
8452 5 4
4614 2 5
1955 1 4
7671 4 2
7723 2 5
3962 4 3
9838 4 1
9950 3 5
5659 5 4
5059 2 3
2261 1 4
2858 4 3
3702 2 4
742 2 4
2513 2 4
6362 5 4
6584 3 3
4413 4 2
1085 1 3
4023 2 4
7209 2 5
6604 3 5
241 3 4
224 1 1
794 5 5
4090 4 1
7636 1 3
3988 5 3
2800 5 1
9473 4 3
8642 5 2
3704 4 2
9422 2 2
6107 1 3
3396 3 1
613 2 5
2288 3 3
8591 3 2
3134 1 2
8712 5 5
3408 2 2
8498 1 4
6471 3 5
8865 5 5
4523 4 4
595 2 4
7976 1 5
3751 4 1
3182 3 3
3631 5 4
1286 3 4
6724 3 5
939 5 5
3144 5 4
3235 5 1
6693 2 5
7131 4 5
4143 1 2
1791 4 3
4412 4 2
2862 5 1
963 1 4
3393 4 3
3460 3 1
8462 2 4
758 2 2
5016 3 3
6355 1 4
42 2 3
1759 2 4
2460 5 2
5117 5 2
7858 2 2
9870 5 5
3476 4 4
8874 3 2
1323 4 3
3807 4 3
4868 3 3
2086 3 3
6060 3 1
5636 5 2
9619 3 2
1269 2 2
6665 2 5
8479 1 1
1085 2 1
3447 3 1
6622 4 4
6350 4 1
3568 2 3
103 5 1
2177 3 4
7625 1 3
3825 2 1
31 2 5
3510 4 3
8111 5 1
781 4 3
9583 3 2
4486 4 4
5257 2 5
3122 3 5
1112 1 2
5514 5 2
6956 1 5
7932 4 2
9556 5 5
4225 1 1
2646 2 5
1931 1 2
771 4 4
8577 4 1
4718 3 4
737 3 5
675 4 5
8866 4 4
1999 4 4
2062 5 4
8521 1 3
5379 2 2
4963 3 3
8997 3 1
4111 3 1
3411 1 5
363 1 1
1098 2 2
1134 4 3
8778 2 4
6803 4 5
1643 2 4
9832 1 5
5299 5 2
9215 5 1
6964 4 1
9237 1 1
7210 3 4
5644 1 2
6715 5 5
7960 5 5
3154 1 2
5724 3 5
221 4 1
5227 3 3
4566 4 1
6268 4 5
3943 4 3
9356 1 2
9857 1 1
8225 2 3
9170 5 3
908 1 2
180 4 3
3985 2 4
9826 5 5
9630 2 5
9725 1 3
8181 2 3
5384 2 1
7811 2 1
3408 4 4
5986 2 5
7748 3 1
3052 2 3
6178 2 2
9426 5 1
7546 2 2
1075 4 5
130 3 1
8545 2 5
3813 1 5
5806 4 1
8820 2 3
9364 4 1
2314 5 2
3214 1 1
2841 1 3
2966 2 2
5700 1 5
60 4 5
4203 4 3
4660 5 1
7786 4 1
5711 5 2
4137 4 5
6545 2 1
215 2 5
3993 4 3
9957 1 2
1232 3 5
6416 3 1
2920 3 1
3735 2 2
5254 4 2
8972 2 3
1848 3 2
353 5 4
3479 2 4
9272 5 3
123 1 4
4503 1 4
4797 4 2
749 3 5
1408 1 5
8859 3 4
5635 3 5
5463 2 2
9177 5 2
2429 2 1
3964 4 2
6105 5 3
8900 5 2
3048 5 4
7476 2 1
4257 2 4
8554 2 2
5859 4 5
3041 4 2
5593 2 4
246 4 1
5284 4 2
3240 2 5
2282 5 1
4874 1 1
1547 3 3
6353 3 2
6793 4 4
8463 1 1
2857 5 3
8898 2 2
9633 3 3
5738 2 1
255 1 3
1783 2 3
1335 2 3
7765 1 4
9202 2 4
5352 1 1
2526 5 1
1564 5 3
363 4 4
2960 1 3
7505 2 1
979 2 5
7163 2 4
1593 2 4
4500 3 1
2688 5 4
4745 5 5
9312 3 5
7940 4 3
5137 3 5
6907 1 4
1988 3 1
9130 1 5
4350 1 2
683 5 4
9215 1 3
6077 1 4
8058 4 1
3732 4 2
6382 4 1
1657 4 4
3124 3 5
65 5 3
7074 2 1
3403 2 1
6797 4 5
5738 1 1
9766 1 2
9204 4 5
6848 3 2
2049 5 3
4918 2 3
6148 3 3
3275 5 1
50 1 1
1779 1 3
9925 2 1
76 3 4
5894 3 1
2613 2 4
6437 5 4
5063 2 5
8658 3 3
2687 4 4
1942 3 1
3650 5 1
2511 1 3
4630 3 5
7073 3 2
4441 3 4
9800 2 2
1317 5 1
8288 4 1
8154 2 1
6844 2 3
6171 5 5
3720 1 3
6287 5 1
7157 3 3
7458 2 4
6924 4 1
8141 2 2
2107 3 4
370 5 1
9839 5 3
2507 3 5
5693 4 1
9811 2 2
75 5 2
9726 3 4
6089 2 4
4137 1 4
4391 5 2
1992 2 4
984 5 5
1847 5 1
23 3 1
1277 3 2
7298 2 4
8611 4 4
3692 3 3
6374 3 1
3343 3 1
6621 4 5
5392 1 4
9099 2 3
6334 2 1
7778 2 1
4631 3 3
8063 1 3
7904 4 3
376 5 3
4686 5 5
2404 5 5
939 1 2
7763 3 5
5704 4 5
7773 3 3
5058 3 3
4925 4 3
9638 3 1
3867 3 1
4870 4 3
4417 1 4
4287 3 2
4376 2 1
7400 1 4
96 2 5
6446 5 1
6766 5 1
517 3 3
9656 5 2
2513 4 2
4821 1 5
1046 4 5
3107 3 4
3037 4 4
6819 1 2
9801 3 5
3423 4 3
681 3 2
892 5 2
4067 3 3
4811 5 1
5184 5 5
2603 5 1
3796 1 3
1491 1 4
7271 4 2
4755 4 3
7461 2 2
7290 2 4
9324 1 1
2597 1 4
7669 4 5
1479 2 4
5761 5 5
5 3 2
3569 1 2
4484 2 5
8288 2 4
94 4 3
939 1 1
5896 1 5
9159 3 4
6821 4 5
2885 1 2
641 3 5
3686 1 5
7915 3 1
8200 2 2
56 3 1
4988 2 1
5691 3 1
8553 3 5
4167 5 1
5612 1 4
7027 4 5
5337 3 5
9654 1 3
3650 4 2
1613 5 1
4989 5 4
4948 2 3
4723 1 5
8925 5 5
3649 3 4
2576 3 4
1561 1 3
3221 1 3
3194 4 2
160 5 4
3507 1 5
8097 4 3
15 4 3
5449 2 3
7069 1 5
8284 4 4
1508 2 5
3878 5 5
8339 4 4
1156 1 5
4622 3 4
7805 2 4
8723 1 3
6349 2 3
2489 3 5
9308 4 5
5021 5 4
6428 4 1
2696 3 3
1411 2 5
1747 2 3
3213 3 4
5459 3 1
550 4 1
6189 5 3
5451 3 5
9717 1 4
9015 4 5
8840 1 4
6375 3 3
5944 1 1
7599 4 2
7460 3 4
2196 2 5
5617 1 1
1474 1 4
8321 3 5
493 4 1
4302 3 3
8946 3 4
1603 1 2
1697 2 5
6610 5 4
6620 4 4
6613 4 4
102 4 3
2168 2 1
7387 3 2
1273 5 5
5083 5 4
1296 3 5
5670 5 2
8623 2 1
3336 5 2
3855 4 5
671 5 3
7327 2 1
8001 4 5
7575 5 3
7090 2 5
923 5 2
7993 4 3
618 3 1
2637 2 3
3295 4 2
6075 3 5
7102 5 2
9371 2 5
6029 2 4
6376 3 5
3150 1 2
2314 2 4
9201 5 5
3152 4 5
8112 1 4
6434 1 2
3930 1 1
7024 3 1
1147 3 3
3130 3 3
4185 2 5
1097 4 3
9324 1 1
3176 5 5
285 5 1
1210 5 1
282 5 3
8151 2 4
1899 4 5
7124 1 2
5195 5 3
2 5 1
9175 2 1
6126 4 2
9461 3 3
3774 2 3
1172 3 5
5797 1 1
1929 5 2
2616 5 1
7566 2 1
7410 3 1
7016 3 5
7238 4 3
8913 4 3
8110 3 4
3682 2 4
6333 2 5
4186 5 5
6613 2 2
6689 1 4
2791 2 5
5985 4 4
263 2 4
8746 2 3
9492 4 4
6887 3 3
743 2 2
3301 2 3
2260 4 3
3849 2 1
428 3 1
3062 5 5
9027 2 3
2177 2 4
1037 4 4
885 3 3
1010 5 3
585 3 5
4374 3 2
5295 1 1
3319 5 5
9035 3 3
5804 3 3
5121 3 5
8819 1 1
1453 2 1
8097 1 4
316 4 2
1767 3 3
9499 2 1
6616 2 3
8442 5 3
8124 4 1
7723 5 2
9033 5 3
1108 3 5
9057 5 3
2870 3 3
5523 4 1
542 2 1
5784 5 2
187 3 2
8253 1 5
8221 5 3
3663 4 4
4522 4 5
9425 1 4
4270 5 5
272 1 2
7726 2 3
7718 4 1
7469 5 5
7228 1 1
8782 5 5
1289 4 1
3912 5 3
2873 4 2
3723 1 5
6754 5 5
9203 2 1
2624 3 3
2247 3 2
609 4 4
7593 2 4
5668 2 1
1183 4 1
6213 1 3
1758 5 4
4107 1 4
1977 2 4
1849 1 4
1872 2 3
8833 2 3
5235 3 1
2369 3 3
8932 2 2
1643 4 1
2561 3 5
7089 4 5
3513 1 3
9126 3 2
1686 5 1
2654 3 2
2335 4 3
6040 5 2
6288 5 4
3529 3 4
3630 1 2
4699 2 3
7581 1 2
6001 3 2
5073 4 3
2114 2 3
6218 1 1
1412 3 1
8939 3 4
6158 3 5
8623 5 5
5232 4 4
9504 5 3
98 3 4
819 5 5
5184 2 5
2080 1 5
6623 2 4
3717 5 2
4886 3 1
3657 3 5
3260 3 3
9404 1 1
4432 5 2
2053 5 2
8561 4 5
1245 5 3
3009 5 1
4878 5 5
3955 1 3
822 2 2
9805 3 5
7231 5 3
784 3 1
754 4 4
8616 4 2
4612 1 1
1181 3 1
6160 3 1
8782 4 3
241 2 2
7848 4 5
4390 3 1
8776 4 1
9933 5 2
1848 2 1
2597 2 3
1325 3 1
1437 5 5
6800 4 2
4400 4 5
5297 4 2
8717 5 2
4783 2 2
8384 5 3
1736 3 3
3133 1 1
9484 2 5
8071 5 2
3429 2 1
921 4 3
9294 3 4
7007 2 1
4683 3 1
6392 5 2
6286 5 3
4880 3 4
6513 1 3
3272 4 5
1540 3 5
980 4 2
3789 4 1
4429 1 3
3623 2 2
9190 3 4
401 4 4
7804 3 5
2485 1 5
8309 3 3
2495 1 2
9263 2 4
2975 5 1
55 3 4
1186 1 4
5690 3 1
2195 3 3
71 3 5
2689 3 3
4474 2 1
2497 1 1
5794 1 2
9080 1 5
9615 1 3
4894 1 2
2818 5 2
1199 4 2
2230 1 3
9546 1 3
8404 3 4
6547 2 4
9289 3 4
281 2 2
6046 1 4
4958 4 5
4813 1 1
2757 3 4
9794 1 4
37 2 2
9784 1 2
4113 5 4
596 5 1
4386 2 3
2552 2 3
7662 5 1
6756 1 5
2832 5 3
454 2 1
6347 2 4
6728 5 5
8516 2 4
6550 3 2
7827 5 3
5659 4 2
8992 4 3
4319 1 3
1790 1 1
9544 1 3
5324 2 2
3928 3 4
5389 5 4
6811 3 3
4646 2 5
6405 5 2
4628 5 2
2537 3 1
3139 2 4
7892 4 3
1499 1 1
1714 1 1
5788 1 2
4190 4 4
61 1 5
8450 4 2
158 1 2
7462 3 4
4425 2 2
9280 1 2
6400 1 2
7868 4 1
7911 5 5
6641 2 1
3051 4 4
5488 1 3
1865 3 1
8830 2 1
2681 1 4
7861 2 1
691 4 3
340 4 5
9128 1 1
4210 2 2
8031 2 5
2674 4 2
9687 5 3
4884 5 2
3299 2 3
3050 4 5
6873 2 5
3210 1 3
7984 1 1
9120 3 4
9289 5 5
3825 4 3
4743 3 4
1374 4 4
9278 3 1
8819 1 1
4257 4 3
9731 2 5
7099 1 3
8163 1 3
3708 1 1
7584 2 2
8842 5 2
9329 2 3
8000 2 1
8027 1 3
6604 2 4
115 1 5
5255 2 4
8312 4 5
4828 4 2
865 2 4
7576 4 4
4673 4 5
9984 5 5
6505 4 1
2088 5 3
7152 2 4
2936 3 1
8248 1 3
3088 5 2
95 5 4
9517 5 2
8119 4 1
6201 2 4
6692 3 2
8730 3 2
880 3 1
9429 4 1
7544 3 4
9593 2 5
2006 3 1
3856 3 1
3923 5 4
6990 2 1
9595 5 5
5998 4 5
2157 5 5
5349 4 4
5466 2 2
2431 3 1
7763 5 3
6315 4 3
8798 2 2
3700 5 5
8864 3 2
1902 3 2
9661 3 2
4133 3 3
1652 4 2
3384 2 5
6309 3 1
9323 3 3
1320 4 1
4014 2 4
9669 1 1
8249 5 1
157 2 4
6987 3 5
641 2 3
8511 3 3
249 2 2
1402 2 4
3079 1 3
1023 5 5
8536 5 5
9032 1 1
729 1 2
5074 4 1
9051 3 1
708 2 3
3668 4 3
5061 3 5
4446 5 1
465 2 4
3197 2 3
8225 5 1
6166 5 3
5183 4 5
9873 2 2
4820 5 5
2264 4 4
2264 3 1
6263 2 5
8399 5 1
3101 3 3
49 2 5
6300 4 5
7616 5 3
885 1 2
995 1 3
237 2 3
6858 1 2
360 3 2
5395 3 5
7878 3 5
5267 3 2
2476 1 3
6943 5 1
1907 3 4
4724 5 1
3958 1 2
496 5 1
3319 2 4
2106 2 3
7915 5 3
7877 5 5
1972 2 2
2190 3 1
663 3 5
3845 3 5
8376 2 4
4164 4 1
186 5 3
6333 1 2
7814 1 1
7296 3 2
8217 3 3
9564 3 5
8219 2 5
4488 1 3
5442 3 4
9074 5 4
5245 3 3
3058 2 4
8884 4 2
1075 1 4
6257 5 5
9614 4 5
430 2 1
8283 4 4
195 2 4
3419 5 4
8075 4 5
1165 1 1
7706 2 3
1632 1 2
7681 2 4
8675 2 3
777 4 4
3787 5 2
5267 1 3
901 4 3
6039 5 3
6805 5 1
8747 5 1
1735 4 4
9917 3 5
9908 2 4
9503 1 2
2366 2 3
5611 4 1
6805 5 1
7798 5 2
7817 3 2
6239 5 3
6704 4 2
5424 1 2
5771 2 5
3830 1 1
8891 4 3
8300 4 3
6291 1 1
8427 2 4
5190 5 5
4643 3 1
8395 5 3
3006 1 4
6634 5 1
427 4 4
6426 1 1
7952 5 1
2136 3 4
7202 1 4
2755 1 1
1767 5 5
60 3 3
2902 2 1
6259 1 1
1441 5 5
8905 1 2
3479 2 1
9815 5 2
6422 5 5
9499 4 4
585 1 2
373 2 4
4837 3 5
373 1 2
4113 3 4
2053 5 4
8387 3 3
8417 3 1
5425 2 1
5971 1 4
9453 5 1
944 1 2
4501 1 5
1237 1 1
3403 1 3
9294 4 1
4565 2 4
9450 1 5
705 2 2
9422 5 1
1221 2 3
2279 1 4
7836 3 1
2895 2 1
2547 4 2
3845 5 3
492 2 3
8366 1 2
9373 1 1
3382 4 4
2066 1 2
9783 5 4
7564 4 3
1993 3 2
1412 5 5
4257 2 1
3023 3 2
4211 3 3
2417 3 5
4848 3 4
2153 4 2
7033 3 1
4087 1 5
2174 3 2
4949 3 3
7594 2 2
9012 5 1
3432 5 4
3941 4 4
2126 1 3
4302 5 5
7754 1 2
4888 2 3
5538 4 4
4443 1 4
5325 1 1
6355 3 4
4943 3 5
2963 4 2
3442 1 3
1156 5 1
1351 2 2
7594 5 4
644 2 4
4764 1 4
1451 3 2
2655 3 1
8338 2 5
8120 2 2
2355 3 5
3396 2 1
101 3 1
6565 1 2
2472 3 4
4224 4 2
5677 2 2
5227 4 4
1773 2 4
1654 2 1
6330 5 1
3280 5 5
8032 4 1
5896 2 1
5585 4 3
3724 1 5
9331 5 1
9395 5 3
5638 2 3
8132 2 4
8119 3 3
268 2 4
9017 1 1
2731 4 2
2729 3 2
5363 4 2
943 5 1
4221 3 1
2261 3 5
6388 4 4
8231 5 5
763 3 4
6376 1 3
9347 3 1
2418 2 3
2430 1 1
4239 5 4
349 5 1
2119 4 4
2657 4 3
9589 2 4
7916 4 5
8945 3 1
7580 4 2
4899 5 3
3746 4 1
4927 5 5
5997 3 3
5269 3 4
2418 2 1
7348 4 5
6369 2 5
995 3 3
572 5 2
9072 4 4
4595 5 1
5313 2 2
2359 2 5
468 4 3
3869 2 5
1604 1 2
9482 1 5
8550 1 1
6967 2 4
6232 3 1
9939 4 4
5043 1 1
7933 3 4
2223 3 5
7313 3 5
8371 3 4
1586 2 4
1549 4 5
7328 4 2
9904 5 5
7440 2 4
101 1 4
9634 3 3
5177 5 5
915 3 4
7951 3 3
2458 5 3
4647 4 2
5780 1 5
3009 5 3
7009 1 5
9062 2 3
2308 2 1
1941 4 2
6829 3 2
7233 1 2
6527 1 5
5973 3 1
4496 1 1
6224 4 3
2548 1 5
9365 5 1
6251 2 2
538 2 3
2566 4 1
7882 4 5
5568 4 2
99 5 3
9964 5 3
1540 1 4
8671 5 4
4192 1 4
8275 3 4
9466 4 1
736 2 4
1206 4 3
5561 1 4
8522 3 5
6039 4 4
5027 1 5
2309 4 4
4750 4 4
7765 3 1
9025 4 5
2234 4 1
7801 2 3
1391 2 3
9544 5 5
9569 3 3
9665 2 5
3167 4 1
248 4 5
8394 2 5
3012 5 1
8521 2 1
9772 4 4
4867 2 3
5092 2 5
5050 3 2
4305 1 5
293 5 5
6421 4 4
7303 2 5
9552 1 2
9218 3 4
8890 5 1
9554 1 4
758 5 5
6912 3 3
6092 5 5
3194 5 5
9262 2 2
2217 4 2
7148 4 5
121 2 5
2614 4 4
5454 3 2
4072 3 5
2050 4 5
2738 5 2
9771 1 2
2881 3 2
2741 2 5
1582 2 5
4654 5 5
4994 5 3
1918 3 3
3555 2 4
1170 4 3
662 4 3
3744 5 3
8650 3 3
1382 2 1
8247 5 5
7491 2 4
1019 1 4
1176 1 4
1990 1 2
1521 3 2
1161 3 3
9663 4 5
8875 4 1
364 1 5
6186 5 1
7383 5 4
3426 4 4
8255 2 2
1548 1 5
4647 3 2
4601 1 2
5600 3 4
9401 4 2
8962 4 5
4721 3 3
4521 4 2
4866 5 4
6189 4 3
7200 4 5
4402 4 5
7856 4 3
880 2 2
7972 3 5
3968 3 4
6699 5 5
2845 1 1
5113 5 3
2884 4 3
2063 5 5
7038 4 5
2491 1 3
9135 4 1
3210 3 1
4083 3 3
3742 4 5
6620 4 2
2146 4 1
3626 2 5
1360 1 5
6959 3 4
407 1 2
2069 1 2
8420 5 2
1839 5 5
7510 3 2
5074 2 4
7806 5 2
5501 5 3
864 2 3
577 1 5
2794 4 1
1868 2 1
2016 1 3
3365 3 2
9700 3 4
8685 3 4
1980 2 1
8691 5 2
4251 3 4
1168 1 4
5296 4 5
3957 4 3
3696 2 4
4821 3 4
6465 2 5
3375 5 4
2927 3 1
4309 2 3
9148 4 1
6393 3 1
380 4 2
5429 1 5
7121 1 2
1311 5 1
9088 5 1
5693 1 3
2102 3 4
6527 4 3
3735 4 5
4593 5 5
1426 1 3
4964 2 1
2419 4 3
5805 2 2
8669 5 5
3 4 1
8643 3 2
6072 5 4
6536 5 3
8965 3 2
516 5 4
1295 1 5
8268 1 2
6005 1 5
5006 5 1
2175 5 2
2623 1 3
2416 3 1
9910 1 4
7864 1 1
5156 1 1
8136 3 4
4765 2 2
6759 4 3
3899 1 4
6460 2 1
8906 1 1
701 2 3
1549 3 3
2622 1 1
4239 2 5
1617 1 3
6440 3 5
4823 3 4
16 4 4
96 4 2
9727 2 5
5017 4 3
8426 4 3
4415 4 2
460 5 4
6693 3 1
6295 4 2
4875 2 4
6240 2 5
659 1 1
2203 1 3
3597 5 1
584 1 2
1964 2 3
8975 5 4
5824 4 3
8890 4 3
2468 2 4
2895 1 2
4238 4 4
9679 2 4
2143 3 2
1427 2 1
4242 2 5
8886 3 5
4909 4 1
9960 5 2
2042 2 2
4778 1 2
4368 5 3
5337 4 3
3078 1 2
4138 4 3
3949 2 1
4116 4 3
9053 5 1
3571 5 5
3267 2 3
4760 5 1
9674 1 5
1730 2 2
5856 5 5
2614 1 1
2744 5 4
7734 5 4
7430 4 5
7736 2 1
4252 1 2
7460 2 5
6465 3 1
4819 5 2
6246 4 4
5221 2 5
5406 4 3
3830 4 5
1872 3 2
6710 3 5
6079 2 2
6262 4 4
7016 4 5
9311 4 4
8815 2 5
3528 4 3
1904 2 2
1754 1 4
6434 2 1
969 5 2
1198 2 4
7720 5 1
9816 2 4
3036 4 3
4816 1 5
1197 3 5
7641 5 3
6016 3 5
7671 2 1
6747 2 3
9551 2 4
1406 4 1
2188 4 3
5630 3 4
6349 1 3
5400 3 1
9004 4 2
5137 3 3
9156 5 4
8657 5 5
6722 4 4
6066 5 5
4856 3 4
2634 1 2
7897 4 1
1000 1 3
4116 4 4
6950 2 1
1165 4 1
6083 1 3
5499 5 2
8950 4 5
8582 1 3
2555 1 1
5774 3 3
3542 1 4
9433 5 4
7405 5 3
7965 3 1
3219 5 5
1889 2 1
7983 2 4
682 3 3
3834 1 3
9032 1 2
6930 3 3
2332 4 1
2827 5 3
5639 4 1
518 3 2
4867 4 2
3685 1 5
5929 4 3
2630 4 5
7532 5 4
7347 3 2
6225 4 1
8452 2 3
135 5 3
3342 5 5
3865 4 2
7400 3 3
8411 3 3
9868 3 5
6638 1 3
1675 2 3
3297 5 3
9069 3 1
4724 4 4
7939 4 1
1402 3 4
537 1 2
5397 4 4
4561 4 5
9104 4 4
8480 5 1
4429 1 5
2534 5 4
9204 2 5
8511 2 4
119 1 2
4394 3 1
4935 5 2
4532 3 4
7221 2 1
126 5 2
937 2 3
7658 3 1
2808 3 5
2679 3 3
6228 3 3
7187 3 3
7107 5 4
3450 3 1
1263 2 4
6398 3 4
3647 1 4
1742 1 5
5862 1 3
3153 1 2
5471 2 3
4359 2 5
6431 3 2
1354 3 3
8406 2 4
8214 4 4
4759 2 1
6854 5 5
6079 1 4
853 1 5
3680 2 5
4723 2 2
3621 3 2
8924 3 2
8040 2 5
7399 5 1
3846 3 4
1090 3 3
761 2 1
6965 4 2
7897 1 3
2691 3 5
8149 1 3
7306 5 1
8896 5 3
5885 2 3
1658 4 2
6221 3 3
1024 4 4
7238 5 3
5238 3 2
8020 3 2
553 2 2
46 3 1
2493 4 5
7391 2 5
2775 1 5
246 1 3
1403 1 5
2739 2 3
6253 1 2
6146 2 4
7837 2 2
9579 3 5
8899 3 4
3302 4 5
7421 3 2
4258 3 4
5596 4 4
1326 2 3
7025 1 5
8639 4 1
7394 4 4
7731 5 3
512 1 4
6336 1 3
239 2 3
4104 2 2
3761 2 5
5360 1 2
7595 4 2
7381 5 3
2541 2 1
8349 3 5
5439 3 3
3637 2 2
318 1 2
6201 2 1
8095 3 3
2400 5 2
2796 3 1
4098 5 3
8623 4 2
6419 3 5
8889 2 4
4915 5 3
6290 3 1
1224 4 2
6664 3 3
7255 4 5
9620 3 1
5584 3 3
8581 4 4
2640 2 1
6849 2 3
1063 3 2
140 1 4
3290 1 1
168 1 3
5991 4 3
3713 2 5
4187 5 3
5915 1 3
9611 5 4
8512 5 3
3372 2 4
1269 1 4
8661 5 1
7542 3 1
1899 4 3
3556 2 4
2805 4 3
548 3 5
466 1 1
167 5 4
5904 2 4
3345 1 4
3757 3 3
5420 3 1
4082 2 2
5499 4 1
3248 2 1
3980 1 2
3228 3 2
5660 1 2
8050 1 3
1831 3 2
2978 3 5
3761 3 2
9645 2 3
895 2 1
8102 5 5
2244 2 3
8680 3 4
4356 3 2
1984 3 2
8315 2 5
5909 2 4
9505 5 4
2221 3 1
2614 4 3
3752 2 1
7533 3 5
2555 1 5
4385 4 1
4858 5 1
261 5 4
6695 4 2
7002 2 2
4651 4 1
4032 5 3
6012 1 5
1489 1 4
5517 2 4
3477 3 5
3115 3 4
275 4 5
1961 3 3
5065 3 5
5627 4 3
7952 1 4
3636 3 1
8491 1 5
713 4 1
4692 2 3
7823 4 1
6254 2 2
8674 2 2
5135 5 3
4904 5 1
8340 4 4
5568 4 5
4052 3 1
5178 4 2
4337 1 3
8010 4 1
7060 2 3
8256 4 3
4540 5 2
7884 4 5
3509 3 1
3539 4 1
4190 3 2
4933 5 4
9709 5 1
9288 4 1
9147 3 3
1594 5 2
1028 4 5
818 3 2
8856 5 1
1848 2 2
1791 1 3
7484 1 5
6720 3 2
836 2 5
7243 2 2
2410 1 5
15 4 1
8662 5 1
3766 5 1
4337 4 2
1485 3 4
3714 5 1
9723 3 2
1743 5 4
4112 4 1
6169 2 3
9094 3 2
6757 1 1
7311 1 2
542 2 3
7923 5 1
7349 1 4
826 5 5
789 5 2
5879 1 4
5817 1 1
5880 3 1
3566 1 1
334 5 2
1882 2 2
6569 5 1
7076 3 3
7352 5 1
8793 3 4
9222 1 2
2788 2 2
4324 5 1
9686 1 4
4980 1 4
4236 3 1
7812 5 2
4667 1 2
6749 2 2
7500 3 5
7942 1 5
3646 2 1
6783 5 3
7403 2 4
618 1 3
3505 2 2
3072 4 1
8615 1 2
9428 5 4
7102 2 5
50 5 3
3079 3 1
7612 1 3
4862 5 5
3253 3 2
4194 3 3
5586 1 5
9537 3 3
6159 2 5
1770 4 5
7797 3 2
3045 5 4
7326 1 2
8616 4 4
1380 3 2
5403 1 2
3439 2 1
3537 2 1
2918 1 3
6739 3 1
5492 2 4
9163 2 1
8568 1 3
163 3 1
8798 5 1
1491 1 3
6489 5 2
7321 2 1
2615 4 1
2893 4 1
3085 5 4
4748 5 1
2757 1 3
7947 4 3
5608 5 5
7728 2 1
8005 5 2
1490 1 1
9883 2 1
1398 5 3
2848 1 3
2155 2 3
9414 2 4
4679 1 5
2869 2 2
3029 2 3
9835 1 5
922 4 4
5076 3 3
5844 2 2
142 5 4
1892 2 4
7809 5 3
2843 3 3
9393 4 4
6600 2 2
6136 5 3
7762 4 3
7139 1 4
1559 3 4
1988 2 4
6341 5 2
2104 4 1
1913 2 3
2162 3 4
7398 5 5
3888 3 5
1788 4 1
6409 1 2
3260 3 3
7465 5 3
5991 2 1
2428 4 3
7067 3 1
1204 1 4
664 5 4
1765 2 4
6806 2 4
8478 5 3
6927 4 2
910 1 2
9205 5 3
8130 2 5
9482 5 3
8571 3 3
2841 2 4
7723 3 3
8891 4 4
5886 3 2
1560 2 1
5389 2 1
7448 1 5
7471 2 2
5325 3 4
9514 4 3
7209 1 3
8479 5 3
617 2 3
3293 4 2
8004 4 1
9241 1 2
2089 3 4
1388 2 5
9269 2 3
1510 2 4
6883 3 5
1700 2 2
5229 3 2
2631 2 2
3616 2 4
1073 2 5
8115 3 3
6511 5 1
7794 2 5
615 1 1
9615 2 4
5265 4 5
9576 3 4
7406 5 4
1247 1 2
9615 4 2
6523 2 4
7670 4 2
1648 3 3
6677 5 2
6608 1 2
320 5 1
9070 1 5
8999 2 2
1826 3 4
9100 3 3
4185 1 4
6193 5 3
9353 1 5
1238 5 3
6821 4 1
78 2 5
3250 4 4
4891 1 4
2842 3 4
4003 4 4
2316 3 4
3131 2 1
5027 3 3
9438 1 5
9615 3 1
5391 4 5
6901 5 2
9373 5 3
577 4 5
9943 2 3
7394 1 2
3471 1 2
4515 1 5
3786 5 4
4722 2 3
7110 5 2
9670 4 3
2363 5 2
2568 1 3
9763 1 2
2368 4 4
1824 2 3
1295 3 4
2856 3 1
8951 5 5
250 2 1
7545 2 1
6037 5 4
6619 2 3
2886 4 5
8109 1 4
6761 4 2
3799 4 1
3855 1 5
482 3 4
9027 1 1
2564 1 3
8848 1 5
5110 1 4
2996 2 2
7549 3 2
681 3 1
4320 5 4
1356 1 1
9966 3 4
5218 1 1
744 2 2
5903 4 4
6892 4 4
8934 3 1
1749 2 1
5440 2 4
7187 1 1
9944 1 2
2980 3 4
4828 3 3
3261 5 1
6368 4 1
3247 2 2
5343 1 4
2840 5 4
4970 5 1
8192 3 4
6974 2 2
5857 5 3
6349 4 2
85 3 4
4156 1 5
1999 3 3
4679 5 2
1611 5 1
2811 5 2
5817 1 4
2321 2 2
9919 1 5
7433 1 1
2031 2 5
5348 2 4
5898 4 4
7775 5 5
5573 2 5
9716 2 2
5375 3 2
9501 4 5
6174 4 2
7651 4 1
1146 1 5
2143 4 1
9013 2 4
1978 5 5
4021 5 3
8284 1 3
902 4 1
9049 4 2
1640 1 1
9394 4 1
4844 4 2
1095 5 3
750 4 2
9903 4 5
349 1 1
139 3 3
8358 5 5
9325 5 4
2100 3 4
36 2 4
5330 4 1
9517 4 1
4339 4 4
6667 1 2
8077 3 1
2083 4 4
1873 1 3
9797 5 2
4677 5 1
3247 4 1
416 5 1
150 5 2
6423 1 3
872 4 3
6692 1 2
4948 4 4
7142 2 2
350 4 1
1407 4 1
2589 1 1
9882 5 4
7554 1 1
3477 4 5
6751 3 5
7871 1 2
6031 4 1
5034 1 4
3121 1 3
2268 3 3
2900 2 4
7082 3 2
7859 4 5
9010 2 2
8919 4 1
3570 4 1
9369 5 1
9792 4 2
4777 3 2
5234 3 3
2601 2 4
8715 5 1
8093 3 2
2375 1 3
7631 1 2
6970 2 4
3607 1 3
6409 3 1
7791 2 5
7790 2 3
6922 2 1
9505 1 5
5873 2 3
8878 4 2
2781 5 4
7718 2 4
5957 2 4
7102 4 4
130 4 4
1493 2 4
3731 3 5
8817 5 2
5925 5 3
5708 4 4
8721 2 4
3703 3 1
5569 3 5
8502 4 4
5599 3 4
3412 2 3
6583 2 3
8525 4 1
4753 2 5
799 5 5
8411 2 2
2156 1 4
8260 3 2
3182 4 1
5150 4 5
5164 1 2
444 1 2
5086 3 1
8594 3 3
616 3 5
6546 2 4
3773 3 3
8290 5 2
2121 5 2
1323 4 2
9265 2 5
8042 1 4
5004 3 5
6153 4 4
622 1 3
1049 3 4
1458 3 2
7850 2 5
4653 5 4
9614 2 3
125 3 2
2517 1 1
3047 2 4
1214 4 4
5528 3 4
7004 2 5
6433 4 5
4580 1 1
3604 4 2
8429 5 1
2634 2 2
7452 4 3
9945 5 5
5847 4 2
591 3 3
8742 1 5
4972 2 4
8677 1 3
5456 5 3
1288 1 3
1836 2 5
555 4 2
640 2 4
4541 3 4
8525 4 2
1836 4 2
3359 5 4
8622 5 4
6931 4 2
2351 4 1
6945 4 1
8166 5 5
3473 1 4
4504 3 5
7228 5 5
8533 1 3
7423 5 1
701 3 3
1430 5 4
7767 2 5
6221 2 1
5498 2 3
1591 1 1
5245 4 2
4334 1 5
5336 4 1
3647 4 1
4679 2 3
54 1 3
9535 1 2
9640 5 2
4775 4 1
7627 1 4
8389 5 3
4946 4 1
6613 3 2
4316 1 2
2975 2 4
5591 4 2
2853 1 3
7144 2 1
2741 1 2
9873 4 4
8636 1 3
662 3 4
2503 1 4
4292 3 4
763 5 4
199 4 4
6912 4 2
9181 3 4
167 4 1
115 2 3
1983 5 3
9368 2 3
3997 3 3
1770 2 5
5598 1 3
4070 4 4
2947 1 3
1182 4 4
7692 5 2
2320 1 1
2367 1 3
626 2 4
8685 2 2
5061 5 5
6978 1 4
3053 5 4
8112 1 1
7184 3 1
4714 3 2
425 1 2
2261 1 1
6396 5 1
8298 3 4
9583 2 2
8101 2 4
4886 2 5
984 4 4
9922 3 1
6812 2 2
802 2 1
8436 2 1
6529 3 1
1578 4 4
4244 2 3
1203 4 4
7876 1 3
1436 5 5
248 2 3
8762 4 3
5525 3 3
1165 2 2
1271 5 1
3262 4 1
9478 1 4
424 1 2
9580 2 2
5235 4 3
3799 2 4
3018 5 3
3772 3 4
6268 4 4
9941 2 2
8489 3 5
680 4 3
8663 1 3
6711 3 5
302 2 3
4446 3 4
8255 3 1
6544 2 3
9945 2 1
5204 1 4
6242 5 3
2915 3 5
525 2 5
5665 5 3
7801 3 4
7735 4 4
9467 1 5
426 4 2
153 4 2
3286 3 1
217 4 5
5698 5 1
46 4 3
2946 4 2
3662 1 5
5580 2 5
7398 1 1
1893 2 4
4623 4 5
2636 1 4
4846 4 4
5264 1 2
1034 3 4
8173 1 4
8787 5 3
3664 1 3
8613 4 3
3901 2 2
5398 4 1
5977 2 1
7378 4 5
4901 1 4
8151 5 2
129 5 3
4362 1 4
9466 3 1
92 3 5
3177 3 2
5381 4 4
2129 2 5
601 5 5
592 3 3
4812 3 1
5806 1 1
3960 4 5
9730 4 3
1508 2 4
9154 1 1
4483 2 5
7312 2 1
2652 2 2
6259 4 1
3053 2 5
7612 2 3
8669 3 4
466 5 2
4803 4 1
901 1 1
1571 4 5
699 5 3
626 2 1
3005 4 1
9450 2 5
5949 5 3
5596 2 2
5504 1 1
73 3 2
5188 2 3
1250 4 3
3576 3 1
1338 3 3
4307 5 5
5172 3 3
7884 2 4
925 1 3
531 3 5
9252 2 2
5218 5 4
2352 4 2
423 3 2
3966 3 5
5737 5 3
6061 3 1
2548 5 5
8478 3 3
5615 1 5
1864 4 2
8981 3 3
4398 2 4
363 4 3
3375 5 5
9447 3 1
6768 4 1
1866 2 3
3189 4 3
8524 3 4
4988 5 5
7978 1 4
6433 2 5
1680 1 3
9259 4 5
290 4 5
5720 1 4
134 1 5
8685 2 4
634 1 5
5302 4 4
9820 5 1
3485 1 3
9174 3 4
8702 5 1
6045 1 2
6332 2 2
7806 4 4
461 3 1
7403 4 1
2588 2 5
5655 4 2
7400 2 5
5703 2 2
5128 3 4
9322 3 3
944 4 5
5116 4 3
2133 5 4
394 1 4
2412 5 2
4722 1 3
3667 1 1
5063 4 5
1462 5 1
9177 3 5
5632 2 1
8616 1 3
55 2 1
814 3 4
2126 5 2
1623 2 2
2683 2 3
252 5 1
2813 2 5
3943 5 2
1691 4 5
9343 4 2
1165 4 3
5894 5 4
3253 3 2
429 4 4
20 5 3
6249 5 2
6707 1 5
8375 1 4
9738 3 1
7471 2 1
9172 2 3
6356 2 4
7719 1 4
7384 2 2
5617 2 5
801 1 1
8245 2 4
5660 2 1
8726 4 4
5577 4 5
2113 3 2
4427 2 4
3036 2 4
2835 1 3
4564 1 4
1172 5 5
6607 4 2
6781 1 2
3049 1 5
3206 4 1
8469 4 4
5545 5 3
3207 2 5
9511 2 4
7745 5 2
9071 3 4
243 2 5
8801 2 3
8999 4 4
8772 3 5
2042 3 3
6062 5 5
3860 4 4
5320 5 1
8270 5 4
9591 3 2
7187 5 5
9813 5 3
2800 2 1
3472 3 4
2698 1 2
4988 3 2
8808 5 3
9294 2 5
6538 4 4
3605 4 3
3052 1 3
8519 1 4
4802 3 5
2498 1 3
4250 4 4
5912 3 2
1486 1 3
2403 2 5
8533 4 3
9055 1 2
8622 4 4
2722 2 3
1923 3 5
2714 2 1
8782 5 4
3142 2 1
4652 4 3
4583 3 1
2437 4 1
7564 5 1
1002 3 2
279 4 4
5613 1 4
9318 4 3
8321 1 1
8906 5 4
1517 5 1
139 1 4
7225 4 3
9326 5 1
2668 2 4
1154 4 4
8669 4 3
9244 2 3
496 1 4
2225 2 2
3904 2 1
5909 1 2
6604 2 3
5115 1 1
9608 2 2
2560 2 1
2197 4 3
978 3 1
2319 2 3
8760 1 5
3603 4 2
23 2 1
6475 3 5
3615 2 5
8985 4 5
378 1 4
5561 5 3
1679 5 1
5502 2 4
673 1 4
2472 2 2
5443 3 3
9729 1 3
2725 3 4
537 4 2
4738 5 2
9037 5 3
5207 2 3
184 4 1
2438 5 4
5015 1 3
3959 5 1
316 5 1
3846 1 5
1421 4 5
3366 2 1
8481 4 3
2502 3 2
8807 5 2
5033 2 4
9620 1 2
7562 5 5
1581 1 1
4375 1 4
3325 1 2
6042 1 5
4971 5 5
9114 5 1
9605 3 3
2156 4 1
7081 5 3
7012 4 4
5775 5 3
112 3 4
7510 3 4
6594 4 4
4032 2 3
6918 5 4
6086 5 1
335 2 2
6861 3 4
7987 3 5
9797 2 3
7640 4 3
9530 1 3
3081 2 3
5385 1 4
38 2 3
8645 4 5
3516 2 4
7336 1 4
6393 3 3
3856 3 4
7149 4 3
4950 4 1
4442 5 2
7101 2 3
5907 3 4
7525 4 3
8323 4 4
9956 4 3
9056 5 2
3645 2 1
4326 5 2
9055 4 2
7520 3 5
9329 2 2
9529 2 1
9010 1 1
2681 1 2
8952 3 1
7915 2 1
3855 4 3
4923 2 2
7269 4 1
5612 2 1
6653 3 1
4449 4 4
7190 1 2
2034 3 4
4169 5 2
66 4 4
5924 4 4
3575 5 3
7897 5 3
3558 5 5
8108 5 2
711 1 2
5786 4 5
2553 5 2
8071 5 5
8757 3 2
3011 5 3
8507 4 2
1139 5 4
9901 2 1
3311 4 3
7945 1 4
507 1 5
1581 3 1
587 3 5
1132 4 5
3433 1 4
4364 5 5
2532 5 4
9388 5 3
3 4 4
7057 2 4
7910 1 5
9795 2 1
9724 4 5
7443 5 2
816 3 2
7854 1 2
134 1 2
5494 1 5
3912 4 4
4943 3 1
7135 3 5
290 1 3
1477 3 3
7187 4 2
2660 4 3
64 4 5
3783 4 1
3653 4 5
9806 2 1
9618 4 5
2653 4 4
7520 2 3
7170 5 5
9943 3 3
1857 1 5
2120 1 1
7221 4 3
6779 2 5
4595 2 3
748 5 5
2368 1 2
5133 5 1
6678 4 2
8806 2 5
4606 3 1
4246 5 4
1636 1 4
5140 3 5
2480 2 1
1670 1 1
690 4 3
1473 2 5
9177 5 5
9324 1 2
149 1 1
2924 2 1
2514 4 5
3376 3 3
7897 3 1
9380 5 1
3019 1 4
9102 2 1
8763 1 2
8310 3 2
2477 5 4
4898 2 5
8346 5 1
8707 5 2
2512 3 3
9462 4 5
280 1 2
3803 4 2
5045 1 5
7347 2 4
3593 2 2
9003 1 1
9827 2 5
1010 3 3
8466 4 4
8372 3 5
3433 2 2
7503 3 3
9241 5 3
1119 2 1
1883 2 1
4750 3 3
9523 4 5
5879 5 1
5354 2 5
6237 4 4
8152 1 1
727 2 5
1 4 1
4694 2 3
9168 3 2
7197 3 1
1039 1 1
2074 1 2
9079 2 4
8126 3 3
6436 4 5
1862 4 2
3943 1 2
3059 1 1
6332 2 5
1530 4 3
3019 3 2
7189 5 4
4181 2 2
5164 3 2
196 4 2
2988 5 3
8988 5 1
1819 5 1
3764 1 2
2312 2 4
3217 1 1
8825 2 4
9562 5 1
5198 3 3
4491 3 4
9343 4 3
5025 2 1
152 2 1
2568 4 5
1521 3 5
3991 5 5
301 3 3
347 1 2
6161 1 2
1165 2 4
8568 5 5
3206 4 3
8235 4 3
6377 3 3
3551 3 5
9942 3 3
2130 1 1
628 2 4
8938 2 1
4300 3 3
4881 1 4
5659 3 3
9463 1 4
9747 1 2
4370 5 3
1629 3 3
77 2 4
2765 4 3
6597 5 5
1964 1 2
842 5 1
1387 1 3
8663 2 1
6507 2 1
8773 3 4
7955 2 5
4066 1 3
116 4 4
6758 4 1
9634 4 1
2269 4 2
3474 3 5
2270 4 5
6478 3 4
8759 5 4
150 2 5
5305 5 2
6696 3 3
7022 2 1
8672 2 2
2580 3 3
3064 3 2
1317 3 3
4653 5 5
9958 4 3
951 1 1
8404 1 2
3089 2 4
3986 1 2
7364 3 1
9239 3 4
3588 4 2
9150 3 3
5774 3 2
9313 2 4
8981 5 3
6299 2 4
9038 2 5
3398 3 5
4384 2 5
6212 1 3
6666 4 3
3341 3 1
3738 2 1
2237 1 3
1596 5 5
5874 1 2
6258 2 1
8306 4 5
6241 1 1
735 4 1
6318 1 4
5299 5 5
8310 2 1
3529 5 4
2231 1 1
3891 4 3
8661 4 5
3748 2 4
1671 3 3
5690 1 1
96 1 2
6689 4 1
2085 1 5
7572 1 2
2744 2 1
7652 1 3
8868 4 1
8891 5 5
8204 1 1
4749 5 2
5487 4 4
3528 4 3
5506 2 5
2834 1 4
6480 5 5
6405 2 5
8277 4 5
7495 5 2
1860 3 1
4152 4 3
8339 4 2
8096 5 4
7226 1 1
2044 5 2
7513 1 3
3996 5 1
223 1 1
4494 4 2
1078 4 5
6180 3 5
4771 3 5
9529 5 3
8769 2 5
3210 2 4
605 3 3
8982 3 1
8876 2 3
7675 4 2
9774 5 2
7177 2 5
2631 1 5
5110 4 2
4158 4 2
2665 2 5
2861 4 4
9330 2 5
710 2 3
1188 5 3
9922 2 5
694 5 1
258 2 5
9729 3 4
9280 2 1
6616 3 4
9038 3 2
442 4 1
1259 1 5
9653 3 5
1866 1 1
5251 1 4
8073 1 3
2350 1 4
9763 5 5
1143 5 5
2532 2 5
6564 1 5
7179 3 4
4658 5 3
3331 1 4
8916 1 5
7457 5 1
7853 4 2
4074 5 5
5859 2 2
899 5 3
2392 2 1
1877 5 3
2595 1 3
6576 4 3
1136 3 1
7950 3 2
7233 1 2
8168 3 5
7883 3 4
2276 3 4
8309 4 2
4137 2 5
7441 3 1
2237 5 4
7165 1 5
1676 4 4
8185 2 5
7654 5 2
7910 3 3
4556 4 2
1057 4 4
9081 2 4
6271 4 1
6721 3 3
9778 3 5
8543 3 5
3108 4 1
9945 2 5
1370 5 3
2932 5 5
7380 5 3
8389 4 5
5964 5 5
5243 1 2
8119 3 3
416 3 3
8477 4 4
6624 2 5
478 5 1
5219 4 5
3609 4 5
9337 3 4
7516 4 1
8382 3 2
3881 1 3
7056 1 5
5254 3 3
7996 3 5
8625 5 3
6325 3 5
6638 5 3
5371 5 3
966 4 2
8028 2 1
8015 1 1
4147 3 2
1766 1 2
7626 2 4
7732 3 1
6153 3 5
5672 5 2
9958 3 5
9989 5 1
528 4 5
1968 5 2
8798 1 1
9711 5 3
7438 4 3
4381 4 4
6109 3 5
4745 5 4
5180 2 3
9406 3 3
8551 3 3
3666 4 4
3270 1 5
7977 4 2
6179 2 5
9079 5 5
9129 4 2
161 5 3
9797 1 1
7680 4 4
7810 2 3
1532 4 3
7832 1 2
9919 1 3
8104 5 4
8708 1 5
4476 5 3
6157 3 1
9878 4 1
5739 4 5
2105 1 4
6598 5 2
1527 5 2
8183 1 5
8213 1 1
2953 4 4
472 1 4
552 3 1
7286 1 1
9373 5 4
2818 2 1
6683 1 4
9276 2 5
7447 4 4
2821 5 1
9573 5 2
9843 2 2
9529 4 5
8536 1 2
6817 3 3
7210 3 1
9240 2 3
5838 3 5
3791 5 1
819 1 1
2068 1 2
2671 1 4
9127 3 1
7523 3 4
9361 3 2
1169 4 1
3555 2 2
4354 5 4
7212 1 5
1156 2 1
9481 1 5
3212 1 1
9352 4 5
5612 4 3
7001 2 3
3541 4 2
815 4 2
7406 3 4
1977 3 5
6061 3 2
8566 3 5
4124 2 3
5346 5 2
9185 5 2
5681 3 4
7692 2 3
621 1 1
6070 1 4
2377 5 3
3782 2 5
9685 4 1
7242 2 3
5544 2 2
263 5 2
3660 1 1
1158 1 4
7248 4 2
8411 2 1
1532 4 1
956 2 1
8944 5 3
5091 5 1
4879 2 1
245 5 2
717 2 2
3943 3 3
8848 4 5
5429 4 5
3318 3 1
4121 2 4
167 4 2
5806 3 4
6870 5 2
9116 2 1
7432 5 4
3353 1 5
1549 2 1
9967 1 2
7499 2 2
8157 1 3
5021 1 2
9834 2 4
7361 3 2
6306 4 1
438 1 3
2905 2 5
8330 1 2
6010 2 4
1594 3 1
4144 1 2
9447 3 2
9812 1 2
1918 4 5
7905 3 4
4972 5 3
5734 1 3
4934 2 3
1755 3 5
5193 3 2
1184 1 1
8700 4 3
4796 4 4
3192 1 1
8054 5 3
6770 5 4
4519 5 5
9361 5 4
8038 5 1
968 4 4
9551 3 1
7373 3 5
3211 5 1
1989 3 4
5682 3 4
6752 1 2
1818 1 3
6333 5 1
3596 3 2
9183 1 1
8305 3 5
142 4 1
2960 2 5
2328 1 1
3338 5 4
1110 1 5
2283 1 5
732 4 2
5570 2 5
2180 1 1
7000 5 1
6037 1 4
4477 4 4
3685 5 3
7895 1 3
2369 2 5
4141 4 3
4337 4 3
3939 4 4
8155 5 1
1028 5 4
5719 5 5
6423 2 4
5392 2 5
8943 4 3
3505 3 2
677 2 4
7420 1 2
8129 2 1
7934 1 3
6968 4 4
1714 5 4
8088 3 2
3978 2 3
3256 4 2
7210 3 2
8985 2 3
2717 5 4
8928 2 3
263 3 2
9337 5 1
862 2 4
4931 4 1
4546 2 5
594 4 3
8306 4 2
2227 2 2
9025 5 2
7204 5 5
9005 4 5
3209 1 1
7505 4 5
960 2 2
5388 5 4
4424 5 4
2806 4 2
550 2 4
3422 3 1
4281 4 1
3990 5 5
8838 2 5
5150 3 4
2318 5 5
2637 5 3
2596 5 2
9584 5 2
8354 1 1
4533 2 1
1896 4 4
2692 3 5
6980 2 2
4369 3 1
1429 3 4
2790 5 5
3566 4 1
9442 1 5
9863 4 5
6525 5 3
338 1 3
4533 4 5
1338 5 2
22 1 2
6443 5 3
6442 5 2
8949 1 3
4004 4 3
8183 3 3
1135 2 3
1147 3 1
6914 3 4
8763 2 4
1214 2 3
780 2 4
4243 3 2
2064 1 3
5451 1 2
1640 4 5
6367 2 2
6042 2 3
4676 2 4
9219 5 2
4454 2 1
4575 1 3
5485 5 3
4681 3 2
4776 5 4
7141 5 5
7720 5 3
2463 3 5
9598 3 4
3308 3 1
3948 2 5
7315 1 2
7342 3 5
4609 4 4
1517 5 2
9280 1 4
8458 3 3
4429 1 1
7825 4 5
6591 2 3
7207 3 1
3628 2 1
7360 2 2
2212 2 2
5055 2 3
978 5 4
6218 4 5
2249 1 1
9941 1 4
9324 4 4
3663 1 3
4189 5 4
7044 3 1
5672 3 2
7108 3 1
4196 5 3
9809 2 1
2451 3 5
658 3 4
1581 3 2
9135 2 4
6460 3 1
6979 1 5
1779 5 1
4074 1 3
1246 2 4
3995 1 1
7102 4 3
6055 5 5
2610 5 2
7496 4 4
2342 1 5
6017 5 1
2258 5 3
4254 4 1
9809 3 4
5523 2 5
7601 5 2
7585 2 2
9234 1 2
9498 2 2
707 4 4
4976 3 4
7201 1 2
879 2 3
9086 1 2
2492 5 4
5867 3 4
7095 3 4
2495 5 4
4509 5 4
917 5 1
703 2 4
229 1 2
2652 1 4
1779 1 1
2405 3 1
3164 1 5
4156 5 1
7569 1 5
4516 4 4
1438 2 5
1374 5 2
9463 2 5
8137 5 3
9336 4 2
8713 4 4
3100 5 4
25
221
309
513
564
620
797
801
823
931
945
1148
1513
1681
1697
1840
1856
1966
2171
2179
2545
2622
2807
2879
3085
3175
3201
3210
3403
3459
3521
3572
3669
3733
3745
3749
3803
4373
4407
4441
4544
4602
4605
4682
4880
4964
5050
5226
5346
5610
5696
5740
5751
5825
5944
6096
6158
6175
6202
6234
6249
6309
6367
6445
6533
6753
6941
6997
7086
7156
7426
7497
7507
7520
7630
7686
7818
7986
8066
8067
8112
8207
8408
8454
8542
8579
8755
8808
8825
8862
8902
8905
8908
9339
9484
9498
9542
9726
9740
9973
