10000 100 10000 1
4309 1 4
5935 1 3
2024 1 5
2152 5 5
1279 2 2
4398 5 1
8902 4 1
6506 4 4
6874 2 1
3017 1 4
418 4 5
3599 2 1
6422 1 4
8869 4 4
5775 5 5
7168 4 5
492 3 3
4182 2 1
2987 4 3
1909 1 5
3316 2 4
4358 4 5
7811 2 2
8123 1 1
1912 2 1
1166 2 4
8805 1 2
6654 2 4
7997 5 1
1424 2 5
1279 3 3
6187 2 4
6743 5 3
9999 3 4
5286 2 4
6080 3 1
4549 2 1
7627 1 5
5720 2 3
6521 2 3
2836 2 4
3588 1 2
4052 2 2
2032 5 5
3668 1 4
7968 1 2
7490 4 3
9444 2 5
5121 2 4
6341 3 1
8181 1 4
1875 5 2
6208 3 2
7373 2 5
6308 4 4
5424 2 2
21 2 2
1361 4 2
1079 4 2
5859 3 3
7667 5 4
150 1 2
5892 1 4
2977 1 2
345 3 2
5674 4 5
4304 1 3
9995 5 2
6724 3 4
1882 1 5
2227 4 5
4024 2 5
5533 4 4
1203 4 2
4550 1 2
633 5 5
6092 3 4
3991 1 1
5612 2 3
3587 4 3
8032 5 3
730 4 3
953 3 3
8315 3 5
3904 5 2
5044 4 3
3767 5 5
5894 5 1
6926 4 1
63 1 4
6542 5 2
7223 1 3
7294 2 3
297 1 2
6498 5 2
6113 3 1
7296 2 2
2834 1 5
6990 1 1
8413 2 1
5537 2 5
5573 2 4
9348 2 2
2566 2 2
9877 2 3
4626 5 1
5352 4 2
2636 5 5
3159 3 3
4183 4 2
5124 1 2
263 4 5
6470 5 3
5471 4 5
4923 5 3
8244 2 4
7092 4 3
4509 1 2
7487 1 3
8833 4 4
4029 3 2
9813 3 2
5479 3 2
2140 4 5
9639 2 3
9851 4 1
9557 2 2
4076 2 1
4529 1 4
180 4 3
7945 5 5
7595 5 2
3522 3 1
3415 3 2
996 4 1
350 2 4
337 2 3
3185 5 1
4513 1 3
7451 1 3
5078 1 4
314 3 2
3101 1 2
6137 3 3
5822 2 1
5572 1 4
310 1 4
8061 4 4
4692 2 1
8725 5 1
8611 4 1
5835 2 3
687 3 2
5182 4 3
4835 5 5
6855 3 3
254 5 5
5271 1 4
5422 5 3
1701 5 2
5016 1 1
563 2 1
5351 2 1
8538 3 5
4183 2 1
1872 3 5
7104 1 4
8163 1 5
9505 2 3
2733 5 5
8249 4 5
2867 3 5
2275 5 3
1435 2 2
2612 3 1
7876 2 1
3464 5 5
2022 2 5
7738 1 1
2324 4 2
6930 1 2
716 4 3
5674 2 1
7695 1 1
4618 5 3
789 5 2
1250 3 3
19 5 4
3466 1 5
2348 3 2
3530 5 3
4313 5 5
5250 5 2
1352 1 2
349 4 1
2871 2 1
354 4 3
9968 5 1
6413 3 2
6167 3 4
9511 3 5
2537 2 2
7092 5 2
9544 1 5
3357 5 3
416 3 3
2958 2 3
5781 3 4
6902 1 2
2445 1 4
5983 3 4
7143 1 2
9633 2 1
9459 4 4
3467 5 5
2961 3 4
6301 4 2
6311 2 3
2230 3 2
2691 3 5
2833 5 3
5383 1 5
8208 4 4
9634 1 1
9737 4 2
277 4 2
3668 4 5
2629 4 3
8783 4 3
2606 3 5
4614 4 3
6419 1 2
653 1 1
9989 4 4
3837 1 5
1855 3 1
4407 3 2
7303 1 2
3955 4 5
1370 3 3
2326 4 4
3108 1 4
2694 3 3
722 4 5
8959 3 5
478 5 4
1773 3 4
9979 1 2
5381 1 3
9609 4 3
3170 3 4
9026 1 3
3171 2 2
3250 4 5
4227 3 2
704 5 3
2647 3 5
2881 1 1
9072 5 4
1317 2 2
3191 2 3
1691 4 2
3528 5 4
9040 5 3
1876 4 3
400 1 4
1445 3 3
1262 3 5
343 1 2
5628 1 2
6345 3 1
4980 2 5
9865 3 3
2294 4 2
5375 2 3
2210 5 1
1891 4 4
5458 5 3
5626 1 3
5659 4 3
1774 1 5
298 3 1
9251 4 5
3620 5 4
8009 5 1
8070 1 1
2708 2 2
6874 3 3
6633 5 2
4746 5 4
2809 3 5
5330 4 3
6274 1 5
3677 2 1
5045 4 5
4612 4 4
3025 1 3
780 4 5
7530 5 4
317 4 1
6742 5 5
1771 5 1
2670 5 2
6008 2 4
8245 2 1
5093 2 3
8403 2 1
5431 3 4
5943 5 4
2456 3 3
8299 5 4
6571 3 2
5776 4 1
3341 2 4
1103 5 1
6188 3 1
1851 2 4
4667 3 5
8232 2 3
672 2 4
5507 1 4
5495 5 1
4549 4 1
2951 1 1
9302 3 5
900 5 4
3748 2 4
7126 5 4
3905 2 1
3482 4 3
2522 4 2
2523 2 5
9955 4 1
2360 3 4
400 5 1
3472 5 5
3438 4 4
9384 4 2
1871 4 1
8859 4 3
1123 2 5
5623 5 5
6142 1 1
2465 1 5
5451 1 2
4947 4 4
4374 5 2
9294 5 2
3308 4 1
698 3 1
7591 4 5
862 2 1
8047 1 1
136 1 5
7122 5 1
4787 1 1
6229 4 5
7933 3 3
3100 1 4
9386 4 4
1064 5 3
8121 5 3
4355 1 2
8123 5 3
3830 2 3
798 1 2
3587 5 1
3814 1 2
191 5 2
7615 2 3
1987 4 2
8164 5 4
9622 2 1
8359 4 3
9508 2 2
3040 3 3
3976 4 4
7535 2 5
8990 2 4
4808 3 2
9495 5 4
7051 5 4
7669 3 2
861 2 3
8734 1 5
9541 5 1
5468 1 3
6673 1 4
2913 4 3
5144 5 1
783 5 3
8108 5 1
4659 5 2
2512 3 5
7998 3 4
912 2 2
8420 4 4
7682 2 3
6317 1 3
1853 2 2
881 5 1
6550 2 3
8659 5 1
6588 1 4
2217 2 2
5445 4 2
4136 1 1
2619 3 5
5112 2 2
716 3 2
3318 1 3
99 3 3
8493 2 4
5817 5 1
1700 3 4
100 4 2
8822 1 2
6416 1 4
3265 2 4
90 1 4
9593 2 5
341 3 2
6415 1 3
6060 2 3
1339 2 5
59 1 5
5782 1 5
8375 1 2
1214 5 3
9657 3 2
2666 4 2
4523 1 3
2298 5 2
1943 2 2
9915 3 4
8234 4 4
5402 5 2
6818 2 3
6393 5 1
6205 4 2
8223 3 4
7083 2 3
8152 1 4
312 1 2
5070 1 5
6941 5 1
2777 3 2
7621 4 4
930 3 1
675 3 2
4016 5 2
3338 2 5
4537 1 2
9886 4 3
2824 3 1
2897 5 2
3606 2 1
9844 2 3
6770 3 1
1506 4 5
7023 5 4
618 5 4
7689 2 1
7386 3 5
7520 5 3
7377 2 5
3962 3 2
34 3 2
8884 1 3
6170 1 2
8242 5 5
3005 5 5
3069 3 2
4939 2 2
5899 2 4
4264 4 4
583 3 4
9955 5 5
8250 2 2
6603 3 1
1024 1 5
7902 3 2
825 3 1
5130 1 5
4273 1 1
7767 5 5
9797 5 4
1729 2 1
8081 4 3
1011 3 3
2516 5 2
5701 1 5
5528 3 2
4320 1 5
2795 1 5
9824 5 2
6410 3 1
1326 2 1
6094 2 4
2600 2 2
8536 2 1
8401 1 3
4378 2 1
1596 5 1
3414 5 5
6168 2 5
1876 3 2
2696 5 5
4744 1 1
2245 2 3
9459 1 3
76 5 1
1233 1 2
7647 1 4
9552 1 3
6014 5 1
1815 4 2
6576 1 5
3134 3 5
7684 3 4
5779 3 2
2756 5 1
6873 5 5
8703 1 3
8393 2 1
3494 1 1
3269 5 5
5364 4 2
4464 2 3
8488 1 2
2485 3 3
5014 5 1
3139 3 3
1493 1 4
649 5 5
8640 5 1
6362 5 5
130 1 2
6740 3 3
3153 5 4
429 1 5
7170 3 1
2205 3 4
282 1 1
5450 4 5
2151 4 2
425 5 5
4936 4 1
5216 5 3
8334 1 4
9461 3 2
9035 4 3
291 5 2
4551 1 3
2534 3 3
8463 1 4
7540 2 3
1366 2 4
8260 5 4
717 3 1
6518 4 4
5158 5 5
4750 5 5
1702 2 4
4731 5 1
6519 3 2
2598 5 5
3394 3 5
9815 3 2
8759 3 1
8324 1 3
7525 1 1
3726 1 2
3075 1 4
3305 3 3
4590 5 5
6380 3 4
5100 2 3
2191 5 5
7988 3 2
1774 5 1
2730 4 1
8861 3 3
8735 1 2
4696 3 4
6644 5 1
5496 2 4
5023 5 1
3968 3 1
6028 5 1
7073 4 5
8304 4 5
4506 5 2
7444 3 1
1800 4 2
9545 5 3
531 5 5
556 4 5
9657 2 3
745 1 2
3954 2 3
5412 3 2
6213 2 1
5970 3 2
1516 3 1
4129 4 2
2887 1 5
4246 4 4
2393 1 1
9452 3 2
9189 2 1
2126 3 2
5245 1 2
2344 3 2
8794 4 3
6562 2 3
2319 2 1
8775 2 3
5971 1 4
7590 4 1
5748 5 1
5427 5 3
9167 2 3
5369 5 1
9410 4 4
9656 5 2
2579 1 1
6313 3 2
6093 4 1
5747 3 1
7361 3 1
3760 4 4
1404 1 3
1404 2 5
6821 3 3
736 5 4
9936 4 4
7904 1 5
4638 4 3
6092 4 1
4049 3 2
4579 5 1
1359 4 4
1406 4 3
6125 2 3
8694 2 1
9148 3 5
8053 5 3
1396 2 4
1319 3 3
4979 3 3
2566 2 2
527 3 2
350 1 3
2109 4 2
9787 4 4
99 2 1
5855 4 4
4468 4 4
7792 4 2
8093 1 1
8018 4 1
8819 1 3
4854 4 5
5287 5 1
9226 5 4
1867 2 3
5827 2 3
8957 5 1
9888 5 4
9898 5 1
4778 4 3
4235 2 4
2290 2 3
1246 4 1
7399 1 3
3632 2 4
2047 1 2
4759 1 5
6755 2 4
4400 3 1
8341 3 4
9247 5 1
9138 1 3
7384 2 3
730 1 5
8719 5 2
7356 2 2
6839 4 5
9400 1 3
9747 3 5
3547 3 4
7542 2 1
1924 5 3
4230 1 5
6118 4 4
7557 2 1
4367 1 5
6459 5 3
4825 2 3
5628 1 4
1987 1 5
2107 4 1
4371 1 3
7913 2 3
66 5 1
9897 2 2
7214 5 3
7016 1 5
2241 1 3
8828 4 3
4394 4 1
9666 4 5
549 3 1
6798 3 5
1006 4 2
1868 2 3
2374 3 3
4644 3 5
8154 2 2
1737 3 3
9470 3 4
9936 5 5
9974 1 5
8957 2 5
7989 3 4
5684 2 3
5001 1 2
9554 2 2
4553 5 2
9547 4 2
2544 5 1
1932 1 4
9375 1 5
8020 5 1
2767 4 4
5367 3 5
668 2 5
5224 1 3
6282 2 3
8607 4 2
2731 2 3
2226 5 4
6178 1 2
6932 2 3
2783 4 2
5826 3 4
4310 3 3
3332 2 5
5970 1 2
6807 2 1
4817 2 5
915 3 3
5252 2 1
6541 5 3
8199 2 1
7958 5 4
7789 5 2
283 2 1
1098 3 4
365 4 3
6433 5 3
8315 4 4
7445 4 1
4918 3 4
6698 3 3
2366 2 2
4571 1 3
7700 3 1
6767 4 3
8168 4 3
7340 5 2
546 3 2
7230 1 1
4928 4 4
2255 4 3
3025 2 1
5783 2 4
8421 2 5
2352 1 4
1114 4 1
8042 5 2
7037 3 5
3277 3 2
2873 1 3
2563 4 1
3118 3 4
8865 4 2
6258 1 2
1342 2 2
6838 1 4
4352 5 3
755 5 2
1489 5 5
7123 5 1
5352 5 2
8205 5 1
6937 3 2
3199 3 3
1382 4 5
5926 2 4
2990 3 3
7636 4 3
996 5 4
5084 4 5
5782 4 5
1872 1 5
6396 3 3
6265 3 5
1809 4 3
6070 2 2
2681 3 3
9405 3 2
9109 5 3
725 1 1
1262 3 3
8076 1 5
2747 3 4
3774 3 2
775 1 4
3590 5 5
1051 1 3
913 3 2
5467 3 4
6241 4 3
6998 1 2
2242 4 2
1119 1 1
5058 4 5
3657 5 2
8060 4 3
3374 3 3
4830 2 5
5734 5 4
9933 1 3
2996 5 2
9008 3 2
3133 4 4
2122 1 4
7303 3 1
3088 5 1
446 5 1
445 4 3
3965 2 3
3521 2 1
7525 5 5
1198 5 3
2960 2 1
9107 3 4
4485 3 5
8695 5 1
2685 2 5
1068 5 4
1448 4 3
8674 5 2
3052 4 1
3607 1 1
362 2 1
3134 4 4
7189 1 3
7021 4 5
5447 2 1
9989 4 4
8415 5 5
5598 3 1
1781 2 4
1536 5 2
1851 2 2
2675 2 4
4940 4 1
6927 5 4
3661 5 4
6098 4 3
7127 3 3
4608 5 4
8499 5 2
1683 2 4
2425 3 1
7036 2 1
5027 3 2
5155 4 1
5442 1 1
6279 3 1
9521 4 5
2999 5 3
5748 3 2
2143 3 5
4385 4 3
9761 2 4
5252 4 2
6686 5 5
5111 3 5
8220 2 2
5129 5 5
8456 5 5
7709 4 1
8427 5 3
7875 1 3
3774 1 3
3202 3 2
5056 4 1
4027 5 3
3229 1 3
8304 1 1
349 2 5
9537 3 2
4742 3 5
4730 1 1
696 1 2
1650 5 1
6256 2 5
2130 4 2
3709 4 4
4022 3 5
9665 5 3
6212 5 2
5560 5 4
9069 4 4
8494 2 1
6919 2 2
2004 5 4
25 4 2
6364 1 3
7911 5 3
6679 4 4
2082 2 1
7921 2 3
7071 1 1
9803 2 4
9851 1 5
3523 2 5
1652 1 3
1173 2 3
6652 3 3
827 3 1
418 4 4
4649 5 5
5754 5 3
577 5 2
7677 3 4
4901 3 1
4202 3 5
2602 5 2
1496 3 2
9073 3 1
5327 1 1
6462 5 2
310 5 2
6044 2 5
8653 2 5
8046 5 5
5053 1 1
9842 4 4
9732 3 1
8318 5 4
5637 4 1
8065 1 2
11 3 2
5215 4 3
8733 1 4
9584 4 5
9074 3 4
9158 3 2
1646 3 2
3579 4 1
6154 2 4
5065 4 4
2918 2 2
3418 4 3
3610 5 2
3343 5 2
6680 1 3
1246 5 2
4787 5 2
1564 1 4
5652 4 1
1330 3 4
9786 1 2
7563 2 4
7939 4 5
2485 1 2
7722 1 4
9920 2 4
8595 4 1
7648 5 2
6986 1 4
7159 4 1
3113 5 3
9179 5 3
6870 3 1
3661 5 1
2969 1 4
4404 2 2
9052 2 3
9829 3 5
1744 4 2
9353 1 5
1375 1 1
7580 3 4
2539 3 2
2800 4 4
9881 2 1
3381 2 5
8283 5 1
9303 1 4
4174 2 2
5651 1 1
6261 1 3
9556 4 2
1433 4 2
2798 4 3
5551 3 1
1044 2 1
7047 3 1
7970 2 3
2841 5 4
7484 4 5
3394 2 4
9972 2 1
3048 5 5
3971 5 5
3446 4 4
4187 1 1
8695 2 1
647 4 5
9411 4 1
700 2 4
3877 4 4
1792 5 4
5823 1 4
7938 2 5
9707 3 3
7265 4 4
549 3 2
2804 2 5
2160 3 2
9419 4 4
9853 3 1
9097 3 2
8889 2 2
8798 3 3
9322 5 3
3243 3 1
5465 1 4
148 2 5
72 2 2
2121 5 5
5232 2 1
6499 5 2
3940 4 5
3544 5 2
8430 4 4
2864 4 3
7563 1 2
9443 2 2
5246 3 5
975 1 2
9574 5 3
3476 2 5
257 3 1
9101 1 4
7842 1 5
7559 3 2
9064 5 3
5523 5 5
5797 5 2
8922 5 1
5555 5 3
5693 1 5
6809 1 3
2333 4 3
6637 4 3
104 3 1
4708 2 2
9845 3 1
7110 5 3
9796 2 5
7769 5 3
6556 5 1
3563 4 4
6601 5 1
1623 1 1
7981 3 4
6411 2 4
3844 2 3
5423 1 2
8121 3 1
3609 3 2
9041 1 5
5458 3 2
647 3 5
9820 5 5
2202 1 3
6020 2 2
5601 5 5
5281 1 1
3621 2 5
8106 4 1
150 1 4
166 1 4
8806 4 2
5141 2 3
4248 3 5
9330 1 3
5171 5 3
4527 5 3
27 2 4
3458 5 3
5730 5 2
893 5 1
5780 3 2
1802 3 3
5492 5 2
588 4 1
6799 3 1
3550 3 4
7057 5 4
2619 1 5
7018 1 5
9993 1 5
97 5 3
3024 1 4
1148 1 3
6535 3 5
5276 3 2
6058 4 3
3843 1 5
6766 4 5
4147 5 2
2613 4 1
5429 5 4
4457 1 5
4548 5 2
94 5 4
2497 4 4
1792 3 1
6454 1 2
5326 4 1
7657 3 1
3303 4 1
8489 5 2
2695 4 4
7669 4 1
1968 1 5
7024 4 4
7418 5 4
9308 2 5
164 5 4
9976 5 2
5589 3 1
3967 5 1
5016 2 5
4761 2 4
9815 5 2
9666 4 1
7233 3 2
7738 4 5
6108 1 1
959 3 5
9526 1 4
1733 4 4
4320 5 5
4164 5 1
8886 5 4
8686 3 1
9490 4 1
9127 4 3
5047 1 3
7343 1 2
3621 2 1
2914 3 2
406 3 5
2533 4 1
1681 2 1
5308 4 3
1162 1 2
9181 5 1
734 5 1
3406 1 1
3199 2 5
9900 2 5
4750 1 3
8869 4 2
9867 5 3
1979 3 1
2854 5 2
483 5 5
8726 4 3
5831 3 2
9833 1 3
7110 2 3
5467 4 4
9904 3 2
7618 5 3
4921 2 3
509 4 2
8526 3 3
100 3 4
9789 2 5
2706 1 2
5794 2 5
1063 2 1
1830 5 1
2068 2 5
5202 5 4
9865 1 4
7813 4 4
7740 1 5
6515 3 4
2892 5 4
9622 1 2
1953 1 4
4054 5 3
1623 1 3
9283 3 1
8069 2 5
4458 1 2
319 3 3
9652 5 3
1462 2 4
4882 1 1
5982 3 3
7920 5 3
7089 1 1
6777 2 2
1817 2 1
9192 5 5
174 2 3
1729 1 1
9549 2 3
4584 4 2
7289 3 5
1830 5 2
9258 4 3
1061 3 3
5218 2 3
2158 2 2
6575 1 2
4073 3 1
3512 5 5
344 4 5
2504 5 5
8486 4 4
5617 4 4
9930 1 2
3837 1 5
6211 1 2
1874 1 5
5482 3 3
3927 3 2
6788 3 3
4473 3 3
3486 4 3
4151 3 2
724 2 2
4949 3 2
8812 1 5
2985 2 1
545 2 4
1571 4 1
2418 3 5
1433 1 5
7208 4 4
5412 5 3
7735 5 1
9611 1 2
3916 1 2
477 3 4
3593 1 4
7857 4 5
6606 1 3
3556 5 5
1481 3 5
5353 3 1
4630 4 1
6818 3 5
7316 2 1
8301 3 5
598 4 2
6919 1 4
264 5 2
9744 4 2
9179 2 5
5050 1 1
7076 4 4
3385 2 3
2719 1 1
1610 4 4
5305 3 1
2260 3 3
1933 2 4
1056 4 4
9769 1 3
4857 1 2
8014 2 3
4101 5 2
5652 3 1
1539 2 3
2620 5 2
9252 2 1
7136 3 2
2842 2 5
6363 3 3
5734 4 2
5727 2 1
2784 4 3
2057 5 2
2996 1 5
505 1 1
8032 2 5
2199 4 1
2595 5 2
3597 1 2
8879 3 5
9455 3 5
1339 3 1
4454 4 5
4306 4 4
6318 1 4
9393 5 2
3719 4 2
6497 2 1
510 3 4
6291 5 5
8525 2 2
1358 5 1
4493 4 2
5709 2 3
2362 1 1
6227 1 1
6347 3 2
9287 1 1
22 3 4
982 4 2
4095 2 4
248 5 5
9089 2 4
3642 3 2
6022 2 5
2715 3 5
7745 3 2
2065 4 1
8037 2 1
6610 1 3
7538 3 2
805 3 3
8009 1 4
1631 5 3
5381 1 5
9408 4 3
121 3 2
7584 5 5
2081 3 1
442 2 1
8151 5 2
6183 5 1
3732 2 5
1142 1 4
8794 2 4
5109 4 1
6516 1 2
7801 2 3
6913 1 1
9575 2 1
2008 5 3
7744 3 2
858 3 5
3146 3 4
753 2 3
2355 1 3
3357 5 2
3674 2 4
3598 5 1
652 3 2
6703 4 1
2541 4 1
2560 4 2
7147 1 3
6859 1 4
8516 1 4
9976 2 1
301 5 1
8341 4 1
4682 4 3
8286 3 2
8901 3 4
5601 3 1
7687 5 1
9646 4 1
4362 5 4
1754 5 5
625 5 5
6555 3 3
4226 2 4
6833 3 2
8488 1 1
2323 3 4
3257 3 4
7378 5 2
3657 1 5
1257 1 1
3260 1 1
6307 1 4
1482 2 3
5186 3 4
1286 4 3
3312 4 5
2866 3 3
9405 1 5
444 2 3
9263 4 1
8093 2 2
4994 5 5
9515 2 5
9541 2 4
5175 2 1
4337 4 5
1658 1 2
1820 3 3
1652 4 1
3510 3 3
9146 2 1
2599 4 4
1294 5 3
2983 2 5
3669 4 3
6969 4 1
3109 5 3
818 2 5
9801 2 1
4021 2 3
5252 3 4
2811 2 3
3595 1 2
208 1 4
3305 3 1
9899 1 2
4699 4 1
7362 4 3
4160 5 1
3079 5 5
6120 2 2
6349 4 5
81 3 1
3791 4 5
5761 5 4
7772 4 3
4501 4 1
4868 2 4
6375 4 5
7801 4 4
3278 2 5
5876 1 3
3611 3 3
989 4 5
2023 1 1
1313 5 2
2357 1 3
6973 5 1
9705 3 2
2066 1 4
5163 1 3
6971 1 3
6052 2 2
1191 2 2
6968 5 2
1542 4 5
55 4 3
179 3 5
7337 4 5
1322 5 3
7323 2 3
2822 4 5
4470 4 1
6478 4 3
9537 5 2
4547 1 4
1036 3 1
3154 2 5
2087 1 5
6097 2 3
4655 5 1
3460 4 3
6902 2 3
5844 2 4
2676 4 3
6193 4 4
635 2 1
639 2 4
9214 5 5
7235 1 1
1581 5 2
4008 4 5
3581 2 3
3181 4 5
6028 4 2
9895 3 1
2267 1 4
9965 5 5
5950 2 2
728 4 5
7360 2 3
849 2 4
8916 4 1
8699 1 3
7449 1 5
5717 1 2
4382 3 2
6675 3 3
9731 2 1
3099 2 1
940 4 4
310 3 3
416 1 5
3582 1 2
190 2 2
3074 2 5
282 3 1
1349 4 5
2338 3 4
1407 3 4
1613 4 2
2426 4 3
1229 3 5
2687 5 4
7640 3 1
2221 1 2
6422 4 2
2868 4 2
6949 4 5
396 4 4
2348 4 3
2042 3 1
2271 3 2
6993 2 1
3576 4 2
1321 2 5
1642 1 1
4552 3 2
3660 5 3
4600 1 5
8219 5 2
9828 1 1
9437 2 4
9836 1 4
9590 1 4
828 2 4
9516 1 5
5228 5 4
1415 4 2
2983 1 3
8044 3 4
2120 1 4
1321 5 5
4044 4 2
1323 4 2
4014 3 3
8077 2 4
1019 5 4
9217 2 4
8483 4 5
4823 5 5
147 4 4
5350 1 3
1576 2 3
3866 3 2
1183 5 4
5516 1 1
8822 4 2
820 4 1
918 2 1
3109 4 1
4730 2 3
7867 3 4
4563 1 2
6755 5 3
5771 1 4
9838 1 4
9367 1 2
808 3 5
4174 5 1
975 2 2
5926 3 2
9826 5 3
3174 5 1
6834 3 3
9738 4 5
3618 3 4
5853 2 3
7305 1 5
2597 1 4
4530 2 1
9894 3 1
5113 2 2
9536 1 2
6532 4 3
6966 4 3
6442 1 1
9270 5 5
5146 4 5
9576 1 1
1114 2 1
3322 1 1
71 2 4
5232 1 2
569 1 5
6407 4 2
8843 2 3
8064 2 2
8624 3 4
748 2 1
4069 4 3
688 4 2
7992 4 5
5814 1 4
3838 3 2
2252 2 1
4434 1 1
3332 5 5
4779 1 4
4291 1 4
745 1 1
1371 3 1
8630 2 3
5584 4 1
5625 5 2
9805 5 1
8517 1 5
2663 5 4
7259 5 2
4869 4 1
8225 2 4
4628 5 2
3825 2 2
6600 1 2
9306 1 4
6280 3 1
5171 2 3
413 1 4
7160 1 5
3578 2 1
1066 5 3
376 3 5
1791 3 4
7398 5 4
4769 4 2
3896 5 5
6869 4 1
988 4 3
2966 5 1
101 2 1
9441 5 3
488 2 1
157 1 1
1845 3 1
8347 5 4
4937 2 5
1925 1 2
191 2 5
438 3 4
150 3 3
7037 3 5
837 2 5
394 2 5
6381 4 1
4201 4 4
7394 2 3
848 1 4
2657 2 2
8457 1 2
4521 3 3
2652 1 4
1474 3 3
5042 4 5
8661 5 3
6314 3 5
2953 3 4
3480 5 3
6700 3 4
9913 4 5
482 3 3
3882 5 4
8001 5 4
6532 3 3
6245 3 3
3718 5 2
8057 1 1
2143 5 3
2899 3 2
4785 2 4
2970 3 4
2731 4 1
2585 1 1
6586 5 2
442 3 2
9469 1 1
893 2 2
2176 4 3
4627 3 3
5898 4 2
6594 3 5
646 5 2
1966 5 3
320 5 3
8439 4 4
5839 3 2
4681 1 2
8479 1 2
7933 1 5
7263 4 3
5419 2 1
6557 4 4
9873 1 5
5323 4 2
8441 1 5
586 5 1
9197 3 5
170 2 2
1240 1 5
1871 1 5
205 1 2
6931 3 4
2422 2 4
1372 2 5
3997 2 5
9249 2 2
393 3 1
9263 1 5
1698 4 3
4586 4 2
5794 2 5
7146 4 2
6232 1 4
6695 5 4
7113 4 3
6072 2 1
7885 4 2
1386 1 4
3723 4 1
973 5 3
6376 4 4
4382 1 5
7988 1 1
7164 2 1
4910 5 1
8642 2 3
5642 2 1
7498 3 4
3941 5 3
9802 5 1
6476 5 5
528 2 5
1428 4 5
4663 3 2
6184 3 3
938 3 3
835 2 5
2567 2 4
2093 1 3
2192 1 5
5143 2 1
2514 1 4
5568 3 4
5075 5 3
301 4 1
8681 2 5
4901 1 5
3113 3 1
8729 3 1
9699 4 5
7636 4 5
8458 3 5
110 3 4
5653 2 2
7143 5 5
9927 1 1
528 3 3
2791 3 3
4868 2 5
9829 3 1
8632 4 1
3967 5 5
8065 1 1
3692 2 1
1524 2 3
6759 2 4
7728 5 3
1760 5 2
807 5 3
1863 1 4
3755 2 2
5189 5 2
1927 2 4
7642 3 3
2446 3 5
441 2 2
202 2 4
7736 1 1
3251 5 4
5176 2 4
4875 1 1
5292 4 1
4947 4 3
9747 4 3
900 5 4
904 4 2
5421 1 5
5135 4 5
9684 1 1
867 1 4
4900 4 3
2664 2 2
3164 2 2
3837 5 3
1322 5 2
4090 4 2
3054 4 2
4837 2 3
8757 2 4
412 5 1
3050 4 5
4857 1 2
9699 5 5
3712 4 3
503 4 2
7313 4 3
1447 2 5
5886 5 2
499 3 4
8347 5 3
2906 3 2
8808 3 5
2365 4 2
9443 1 2
2573 1 4
6322 2 4
3028 5 2
5737 4 5
6209 1 5
822 4 1
4371 1 1
6477 1 1
5911 5 1
5356 5 3
9325 3 5
6109 2 3
3360 5 2
4558 4 1
1733 4 1
1677 4 5
5765 4 4
8609 2 5
9035 5 5
919 5 2
1367 5 2
6317 1 5
7299 1 2
6683 3 4
7898 2 2
4376 5 2
7852 2 1
5539 4 1
1377 3 5
1522 2 3
9805 2 1
2873 1 3
3421 4 4
7594 5 4
308 4 4
3260 2 2
4021 5 2
75 3 3
334 2 4
3457 1 4
401 2 2
392 2 4
8810 1 2
8642 1 1
8088 3 2
8935 2 2
3098 4 3
2628 3 4
6504 2 5
4610 1 5
8889 4 3
8730 4 3
4446 2 5
9137 2 1
3632 5 4
6255 2 2
5539 2 3
885 5 1
5247 1 3
2734 4 5
2326 1 5
2541 3 3
290 3 3
4002 1 5
3757 1 1
3803 3 5
7493 2 1
8315 1 2
1321 3 1
6484 3 3
7380 4 5
1342 2 4
2206 3 4
376 4 5
131 3 2
63 1 3
3404 5 3
4372 4 3
3887 2 3
3091 2 5
1595 5 4
8453 1 5
7286 2 1
2106 2 1
2364 4 5
8391 2 1
2524 2 2
4636 3 2
7644 3 1
5433 5 1
4819 2 1
9093 1 5
8657 1 2
7947 4 2
6827 3 2
2707 5 4
6842 2 4
4517 1 3
1003 3 5
9300 4 5
9570 2 4
6102 1 3
7897 4 1
6605 1 1
4505 5 1
4547 2 4
5456 4 4
2589 3 1
8107 2 5
2853 3 5
2696 5 3
4982 4 1
311 4 1
9958 5 2
2411 5 2
3034 1 5
940 1 2
2214 3 1
4109 2 3
6718 1 4
4029 2 3
5782 1 4
893 2 5
9774 4 3
2293 2 3
1093 3 3
9587 1 4
5275 1 1
8390 5 1
4691 2 3
5011 2 5
2467 1 2
1823 3 5
8526 2 4
3757 4 4
4513 3 1
9700 3 5
1796 2 3
8016 2 4
8101 2 2
2455 3 4
6181 3 4
4448 1 2
6961 5 4
3182 2 4
2587 3 1
5659 3 5
5839 3 4
1606 5 2
6492 5 4
1219 3 1
7134 3 1
6061 1 3
1112 4 2
1927 2 4
5845 2 1
1722 5 2
8937 4 3
4303 5 3
3839 3 3
9650 3 4
7162 1 2
1115 2 5
7988 5 2
5466 1 4
2721 5 3
2726 3 4
7104 1 1
9276 1 1
9972 2 2
2365 2 5
1794 1 3
1250 5 2
8007 1 2
4907 4 2
2387 2 4
6841 2 1
3890 1 4
7177 1 2
5451 4 1
2850 4 2
3543 2 5
84 4 2
9139 1 2
6379 3 3
6606 1 2
707 5 1
5819 5 1
395 2 4
7183 5 4
2475 1 5
7685 2 3
9716 4 2
9825 2 1
4552 2 5
9334 4 3
4651 3 5
1406 1 4
3583 5 1
349 1 2
5224 4 4
8710 5 2
557 5 2
2415 3 2
8014 4 3
8819 2 2
3208 2 4
7633 1 5
5399 4 3
5586 5 1
5408 4 3
2522 3 5
4884 4 1
4412 5 2
5912 1 3
3692 2 4
7557 3 4
1354 4 5
985 5 1
2139 2 3
7054 1 4
8139 5 1
6730 4 2
237 4 5
4350 3 3
932 4 2
1763 5 3
9134 2 2
2196 3 4
2177 1 5
7534 5 2
9195 5 5
9297 4 4
7482 5 1
3366 2 3
3880 5 4
7581 5 3
4319 3 2
414 2 1
9207 4 4
984 3 2
3260 1 2
5681 4 2
5863 1 3
1657 4 4
7915 4 2
4551 2 4
3161 3 2
1552 4 1
808 1 5
3237 1 4
3799 3 4
2939 3 1
6085 3 2
6847 1 2
9579 2 3
8138 4 2
458 2 3
5105 3 2
1596 2 2
1398 3 5
7493 1 4
6936 2 1
5751 1 1
5889 4 2
6763 1 5
1988 1 3
7732 4 2
4352 5 4
6381 4 1
3880 2 3
7570 1 1
4896 3 5
5870 5 2
1284 4 5
832 4 4
9821 2 3
3745 1 5
3568 5 1
5246 2 3
2200 5 3
2688 4 2
18 5 3
7910 1 5
2768 2 4
2878 1 5
9743 1 4
2489 1 1
8255 1 4
4670 4 1
4180 3 5
1264 2 3
4801 5 1
1079 2 1
2683 3 4
1892 4 3
6926 4 1
6137 5 3
1090 1 2
761 2 5
5083 4 4
125 1 1
2364 2 1
3422 1 1
5591 3 1
1464 2 3
7642 4 4
111 4 3
2201 3 5
9171 5 2
7164 3 3
9173 5 1
9792 3 2
2341 3 5
7535 2 1
4041 4 3
6881 1 1
2146 5 3
3356 2 3
8735 1 2
9384 1 5
8442 4 2
6883 5 1
1835 3 1
7324 3 2
4491 1 3
1724 2 2
2040 2 3
1709 1 4
5035 2 5
8120 2 1
1268 3 2
1132 1 2
7593 2 4
9612 2 4
4744 1 1
6467 2 5
1687 1 1
5954 5 4
1936 5 1
6049 1 3
1726 4 3
2226 5 1
1565 5 5
6042 5 5
4031 3 2
8910 4 4
8772 4 5
883 2 3
2010 2 3
8947 2 3
1236 2 2
7535 1 5
9942 1 4
992 3 3
5421 5 1
7488 2 4
8048 5 4
6660 4 1
3480 2 4
6270 2 5
2722 1 5
5752 5 5
9804 2 1
7480 1 3
519 3 4
5702 3 3
247 4 2
6014 2 4
7467 1 4
3343 2 1
9463 2 1
5363 3 5
3171 4 5
4006 3 4
9696 2 1
6769 5 3
6705 1 1
1563 4 2
6070 2 2
8788 2 5
3005 3 2
2828 1 5
2908 3 4
9137 5 3
7670 2 1
5746 4 4
31 2 4
1510 2 4
9265 5 1
324 3 5
2923 2 2
3946 1 4
4726 1 4
8216 2 5
5191 2 1
1436 1 1
5973 1 1
9324 4 2
8745 4 1
9832 4 3
6805 3 3
5865 2 5
5558 5 3
4622 1 1
8468 5 3
8976 1 5
4329 2 5
1915 2 5
559 3 1
7092 3 2
8252 3 3
2055 4 2
3893 2 1
9983 5 5
8799 4 4
2672 4 1
4552 5 3
5361 2 5
8914 5 5
1281 5 2
3484 4 4
1886 3 2
1208 2 3
7519 2 1
9365 5 4
5870 3 1
6600 4 4
9879 2 4
1759 5 2
2926 3 1
3845 5 1
5173 2 1
1513 2 5
8354 5 5
1573 3 4
3696 1 3
6769 5 2
6421 5 1
8683 4 4
1314 5 1
5851 1 5
8270 4 4
5689 3 1
2442 5 1
6133 2 2
6225 5 2
6324 1 3
4159 3 4
6727 4 4
9116 4 1
5579 4 2
7677 1 5
568 4 4
9408 1 3
734 1 3
8174 3 5
6994 4 5
8519 1 3
4200 5 2
3244 4 1
135 1 3
7365 3 4
360 3 3
3953 2 2
6779 2 1
4462 1 4
6698 4 3
3657 1 3
8957 5 5
1219 2 2
9880 4 5
3583 2 3
8598 1 3
7139 1 4
2269 1 3
7595 4 4
6797 4 1
9109 5 3
3159 1 4
863 1 5
6881 4 4
6299 5 2
1998 5 4
4079 3 1
7425 1 4
3791 1 2
6268 4 5
1507 3 1
3283 5 3
3972 3 5
2749 1 4
6203 2 1
3286 5 3
6002 3 2
1210 1 5
8206 4 1
5658 2 5
7242 3 5
8894 2 4
8249 5 5
9332 2 4
8258 5 4
7361 5 4
6096 4 2
9888 2 2
9613 2 1
1186 2 2
5659 5 1
2844 1 4
8515 3 3
1047 2 4
5388 3 5
8944 1 4
7608 5 4
2070 1 3
1600 4 3
3104 4 1
1732 4 2
1935 4 3
6040 1 3
2281 5 5
6399 2 3
5823 4 1
9884 4 5
1755 2 2
2801 1 5
8233 1 4
7210 4 3
6048 1 3
1096 3 3
9741 3 4
3018 4 1
1775 2 5
5838 5 2
2322 1 4
7752 1 2
9920 5 2
8256 5 3
1645 4 3
5327 5 1
5366 1 5
9317 4 4
5173 5 4
4632 4 1
2174 4 4
6606 1 2
9157 1 4
6732 1 4
6832 3 1
1572 5 2
7756 4 5
6023 4 2
1086 4 4
3920 5 3
3073 4 2
7504 5 2
4538 1 3
3840 2 2
7614 1 1
1144 4 4
4897 2 1
8019 1 5
2257 2 5
6911 5 5
5983 2 4
2016 3 2
5762 2 4
1957 2 2
6514 1 5
7091 3 1
417 5 2
4569 1 5
6102 5 1
4089 4 2
8889 4 1
2124 5 5
1839 4 4
5382 4 2
9301 4 1
9660 2 1
7987 1 5
996 5 2
3754 2 3
3006 2 1
2008 5 1
3517 5 1
7859 3 3
9062 5 5
874 5 5
795 3 2
2417 4 2
9416 3 1
1318 4 3
3334 1 4
7370 4 4
2221 5 2
1016 1 1
7139 4 3
6402 2 2
2781 5 5
2642 1 3
8146 5 4
5487 2 3
6193 5 1
4471 5 3
7312 2 5
7092 5 1
8020 2 2
6740 2 3
8225 4 1
7089 1 4
7597 5 5
283 4 5
8927 4 2
8088 4 4
8276 1 1
7595 4 5
3101 4 2
2637 3 1
9589 1 1
1521 2 4
5610 2 3
8948 2 5
1146 4 5
2016 4 4
6990 1 2
2002 4 2
9361 3 4
803 2 4
1884 5 3
3532 3 5
4368 5 5
3787 5 3
5033 3 3
2845 1 5
6498 4 2
199 3 3
9513 4 1
292 3 3
5114 4 5
5660 4 1
3979 5 3
5572 1 1
7283 4 4
4338 1 2
1260 3 2
4753 1 1
2255 1 2
5680 2 5
2854 2 1
8674 4 3
3058 2 4
4579 5 3
2673 5 3
3493 2 5
206 2 5
7557 1 4
5985 4 1
6172 5 1
3812 3 2
3528 2 1
6744 1 1
919 5 2
5164 4 3
1734 4 5
7767 1 4
567 3 1
3637 1 3
8654 2 2
212 2 1
5753 4 1
6349 5 4
4081 3 2
9902 3 4
1580 1 1
5359 5 3
4147 5 3
59 4 4
8770 1 3
3230 2 3
8276 2 2
8147 1 1
8065 1 1
3062 2 3
4307 1 1
7243 2 3
7647 5 2
7522 3 2
8187 5 2
6431 2 1
3815 5 2
7171 3 5
5356 3 3
9970 2 5
8468 4 5
8827 2 3
3576 5 2
9917 3 3
748 1 2
439 2 4
1348 4 1
8361 5 4
8689 4 2
4833 4 2
2603 1 3
5086 1 4
2565 5 3
610 2 2
8155 1 5
40 3 4
9311 2 5
3139 1 3
7726 2 1
1809 1 4
1314 3 5
2936 4 3
2503 2 2
1695 3 3
2324 1 4
1703 3 3
5649 2 5
3172 2 2
778 5 4
768 1 3
1048 1 1
7680 5 2
4465 5 1
4796 2 5
7291 3 5
7599 4 5
8931 5 1
5326 5 1
1519 2 1
1383 5 5
4104 1 4
5037 4 3
2172 4 1
5913 1 1
5315 2 1
7093 3 1
7059 2 3
6263 5 3
2259 5 2
4262 5 2
4938 4 3
7579 4 5
7871 5 2
4734 4 4
6565 3 2
2360 3 4
937 5 5
782 3 3
9656 5 1
498 5 1
7407 4 4
5923 3 2
2950 2 5
440 2 1
3907 4 1
9087 5 2
7204 2 5
6531 2 1
5338 3 3
3987 1 3
3369 2 3
19 4 1
6983 5 3
6182 5 3
8166 3 2
3934 4 2
9156 4 3
3206 3 1
6268 2 4
1343 5 3
6288 2 3
8341 4 1
4782 1 5
5081 1 3
1046 5 2
7975 5 5
8046 1 2
4306 3 3
9813 3 2
5450 5 2
3347 5 1
3939 3 4
5674 4 3
1091 2 2
2981 5 5
2825 5 3
161 1 4
6631 4 5
1888 3 4
3036 1 4
9113 5 3
3542 2 3
8755 3 1
7143 1 3
537 5 1
2363 4 5
5872 1 4
215 5 3
3298 5 1
3180 1 2
3240 3 1
2930 4 3
4681 3 5
133 3 5
2783 3 1
9684 5 5
5964 3 1
8363 5 3
3947 4 5
3923 2 5
856 1 1
9893 3 5
8137 2 2
8170 2 4
2820 2 2
7453 1 5
1112 5 4
888 5 2
7885 3 1
8231 2 1
370 5 4
1352 2 4
1213 2 1
7632 4 5
7394 2 4
5436 2 3
6369 4 5
9915 1 3
7454 5 1
1591 3 1
7973 2 2
3429 3 4
7393 3 2
6012 2 5
2771 2 3
9270 2 5
5755 5 4
1235 2 1
487 3 1
9478 1 2
6312 1 5
3011 4 2
2476 1 1
8366 5 1
8026 3 2
9685 1 4
6078 3 5
4892 4 1
3709 3 5
4672 1 5
5156 4 1
9985 4 3
3218 3 5
439 1 4
5664 2 1
5797 4 2
7597 3 2
9848 3 4
2750 2 3
4451 5 4
5977 5 2
2249 5 5
1215 5 2
556 1 1
5610 5 2
8027 3 2
8950 2 2
6897 1 5
624 5 5
9699 1 2
9426 4 3
8264 3 4
3695 1 4
5030 1 4
9185 1 1
7625 1 4
2767 5 2
3246 4 5
3852 5 4
86 3 3
5562 2 1
2715 3 2
1944 5 5
4391 4 3
6106 2 4
4141 5 2
5489 5 1
8982 4 2
1968 1 1
1440 2 4
4120 4 2
1708 3 5
5144 3 5
4598 4 4
1393 3 5
7541 5 1
9070 1 3
5332 4 5
5907 1 4
5282 3 1
1029 5 3
7437 3 4
8186 1 4
1531 4 1
2499 1 3
4922 3 5
6117 5 1
6396 3 2
2891 5 3
6528 1 5
708 3 4
5891 2 4
5546 1 1
1790 2 4
6105 5 4
6158 1 4
3392 1 2
5978 3 3
8110 1 5
7058 5 2
1249 3 5
1976 4 4
6559 3 2
6005 4 2
3548 5 2
8031 3 2
4402 2 1
6387 5 4
9728 3 3
2338 1 1
8191 3 5
4162 2 3
7928 2 4
2152 5 2
5080 4 5
7327 1 5
2310 5 5
93 5 2
1740 4 5
8914 3 3
9582 2 2
789 1 5
1755 5 3
4579 1 1
601 3 5
2173 5 5
8332 4 5
6847 1 3
2925 5 5
3457 2 2
4995 4 3
2772 3 2
1093 3 2
498 3 5
673 5 2
6368 3 1
4600 2 3
2084 4 1
1240 5 2
1120 3 2
2550 2 4
440 5 2
5607 3 5
6721 5 3
9012 4 3
163 5 4
2789 2 2
2951 2 4
1193 2 1
1855 1 5
4058 1 2
8482 5 3
5767 5 2
7580 4 2
6988 3 1
2541 1 1
4040 1 1
7019 3 3
5315 5 1
3413 1 3
8478 5 3
901 2 1
7876 2 5
3324 3 1
901 1 5
7234 3 1
8855 3 5
3968 2 1
431 5 4
8146 5 1
1053 1 4
9529 3 1
1160 1 1
125 5 3
2693 5 2
3207 2 4
6043 1 3
1508 4 3
3315 4 1
1479 3 5
2262 5 5
3882 2 3
3649 3 2
2560 1 2
1157 5 2
2102 4 4
3151 5 4
5633 3 3
7199 2 3
3071 4 3
6003 5 5
6601 4 5
8860 4 5
6850 3 3
9730 5 4
1015 2 2
8981 2 4
3357 4 5
9097 3 4
9433 5 1
8874 2 2
5865 3 2
2271 4 4
2345 5 2
7090 2 4
9680 4 5
2445 5 2
9670 3 4
2722 1 4
868 5 4
9865 3 5
4130 2 5
2633 5 5
1381 2 2
3360 5 1
5403 3 5
7995 1 4
6669 2 1
3216 2 2
2285 3 2
4547 5 1
4572 3 2
370 5 1
9537 5 3
9443 5 4
3375 1 4
6025 4 1
4981 2 4
3392 5 3
4539 2 2
9630 3 2
4549 4 5
3050 4 4
6934 5 2
9152 5 3
4415 2 3
1230 3 5
2043 2 2
4670 4 2
7222 5 4
4232 4 2
4136 4 4
6777 2 5
272 1 5
1136 4 4
8021 1 3
7602 4 1
7487 3 3
1002 1 5
3716 5 4
8019 3 3
4093 2 4
6435 2 1
7524 3 2
4986 2 1
8326 3 2
9706 1 5
3308 4 2
3685 1 3
5706 5 2
9378 1 3
8234 1 3
6554 5 1
972 4 4
1673 1 5
9931 1 1
9337 3 3
9034 3 1
8819 4 1
8064 1 3
1401 2 4
2077 5 2
5123 2 2
538 3 3
1169 1 2
1690 5 3
5559 4 3
2089 1 2
3286 3 5
5179 5 3
5969 2 5
9416 1 2
3968 1 5
4409 1 4
4919 1 4
1947 4 4
6949 1 3
635 5 5
1641 1 5
1253 4 1
1433 3 5
624 5 4
933 5 5
4814 1 1
5989 5 4
3032 4 2
8332 2 4
8127 1 4
7623 2 4
1493 3 4
8963 1 1
2325 3 4
2788 4 4
3405 5 1
9534 4 2
3200 3 2
8369 1 3
6828 5 2
7772 1 1
7981 2 3
5088 1 4
6699 1 3
3070 2 5
1290 2 3
3597 1 5
5966 5 5
1824 4 4
7398 5 5
6530 5 1
463 1 1
1857 4 4
6160 3 3
4736 5 5
5414 5 2
6691 3 4
6143 5 3
6034 2 5
6392 3 5
2875 5 4
3231 5 4
6457 4 4
5839 3 4
496 3 2
5205 4 4
7018 1 4
558 4 4
2718 5 3
6712 2 1
7296 3 2
6962 2 4
2755 2 1
5288 5 2
5211 2 5
7237 5 2
5720 4 5
3522 5 3
9542 1 3
9070 2 3
8220 4 1
8257 1 5
4711 2 2
8334 3 5
9047 3 5
5519 4 4
5934 5 5
8726 2 5
6647 3 5
5187 2 5
8856 2 3
6221 4 1
7053 1 5
3438 4 4
9728 4 4
4574 4 5
1310 2 1
5003 4 3
1292 1 1
2112 4 3
4125 1 4
6435 1 5
5591 2 5
539 5 5
1922 2 4
7914 5 5
8384 5 5
119 4 4
8182 1 3
9399 3 4
8002 3 2
6385 1 5
9294 5 3
1997 2 3
6888 5 4
3978 5 3
6516 2 4
8144 4 4
7492 3 2
1529 2 3
3021 1 4
8562 3 1
2403 2 2
1869 5 4
7797 5 3
9633 3 3
8752 4 5
4729 4 3
8669 4 5
8029 3 3
1575 1 3
5701 5 2
8345 4 5
3526 3 3
2745 4 4
2958 3 1
3976 1 4
7927 5 5
2800 5 5
5912 3 1
1977 1 4
8585 3 1
9219 3 1
8116 2 3
9991 1 5
1083 2 1
1286 3 1
6575 2 2
164 2 1
3660 2 4
3163 4 1
2942 5 1
8383 4 4
7118 1 4
4188 3 5
7763 3 5
7120 3 1
1997 5 3
3538 4 4
361 3 3
9043 5 4
4521 2 5
6839 5 3
6090 4 2
6459 4 3
8118 4 5
986 4 4
1886 4 2
994 2 1
616 3 5
4979 3 4
277 1 2
5597 2 1
1140 4 4
6686 3 2
4342 1 2
4293 1 1
4127 5 5
6874 1 3
3689 1 2
6604 1 2
5993 4 1
9132 2 4
4877 2 5
4418 1 3
8115 3 2
1200 2 1
3217 1 4
7356 3 1
7254 5 3
1977 5 2
7108 4 5
7681 5 1
4180 1 3
4136 1 5
4124 4 2
9671 4 5
2840 4 5
3420 5 3
6882 2 2
6832 2 4
3332 5 3
3035 2 3
9187 2 3
3894 1 4
7059 1 1
9087 4 4
6674 4 2
6962 5 2
5854 5 1
6767 1 1
7261 4 2
7977 1 1
5903 2 5
8150 1 3
9453 3 2
3905 2 2
2821 5 1
8319 5 1
9381 5 5
6029 4 3
2871 5 2
3100 4 4
3570 3 4
866 5 3
8796 3 4
227 1 3
7339 1 2
3479 1 3
6429 1 3
6879 4 2
3683 1 5
872 4 3
8460 1 5
656 4 2
5417 3 1
4682 2 1
6488 1 2
6069 5 5
6927 1 1
1186 4 5
8867 2 5
3957 5 1
5880 2 5
6029 1 2
5648 3 3
3803 1 4
3977 1 3
9673 2 5
9195 5 4
8633 1 1
3800 5 5
2931 4 5
9384 4 3
7333 3 1
4723 5 5
5225 4 2
2044 3 5
881 4 2
1459 3 3
6896 4 5
5259 4 2
2256 4 2
742 4 5
7343 2 1
2026 4 3
1396 4 1
6732 5 2
1308 3 4
9431 5 5
2640 1 5
9929 4 4
600 2 1
205 3 4
611 4 4
3231 2 5
8987 5 5
2825 4 5
2286 5 2
6634 5 2
334 2 2
6905 5 2
819 5 2
8170 5 2
4401 1 4
9829 2 4
809 4 1
7718 5 1
6440 2 1
2370 3 5
1656 1 4
5458 5 5
4893 3 2
5939 3 3
3462 3 2
3148 1 1
6996 2 5
3610 3 5
2959 2 1
2959 2 2
3314 3 2
3993 5 4
6262 1 1
7146 5 3
4535 4 5
9460 3 4
6501 1 2
8996 4 5
6604 3 4
8080 1 2
2170 2 2
9646 4 1
880 2 4
9609 2 5
3451 4 4
6710 1 3
3804 5 5
3206 2 5
6542 3 2
887 1 1
7536 4 5
3843 2 3
7186 2 3
2109 2 1
2859 1 2
2281 1 1
4654 2 4
2074 5 5
5718 1 3
6899 4 2
2410 3 5
6573 3 3
9679 2 3
9888 3 2
9113 4 4
5402 5 3
9770 5 5
1332 1 4
5372 4 1
8972 4 2
7896 2 2
2931 1 5
6493 4 3
5913 4 2
6045 3 4
5851 1 3
6268 1 1
4953 4 3
2090 4 2
3926 2 2
7908 4 3
9848 4 5
2337 1 2
8272 4 3
18 2 3
6220 3 4
2808 3 3
9631 1 5
1931 1 3
8456 3 1
6495 4 2
8410 2 2
2955 3 4
6088 2 1
1626 3 4
1571 4 4
2867 5 4
6483 5 5
2953 5 4
6401 4 5
5109 3 5
1512 5 3
6394 4 5
6179 5 2
5757 1 1
8555 1 3
5981 1 1
5517 4 1
9268 1 2
6863 5 5
6359 2 3
9822 2 3
5030 3 1
3416 3 4
6693 1 4
1950 5 2
3594 1 2
8881 2 1
6202 1 3
8986 1 5
8121 4 1
4672 1 3
5911 5 5
7631 4 5
815 5 5
2866 2 5
8934 1 3
7064 3 1
2734 2 1
7220 4 1
3034 5 1
615 5 5
8673 4 1
7579 3 5
7350 1 3
3110 1 1
6885 4 3
8367 4 3
7644 1 4
8893 5 3
8800 5 3
9093 3 3
3521 4 2
5845 3 5
7673 1 4
9956 3 2
3845 5 2
566 4 3
1810 2 3
3459 5 3
7451 3 5
2462 5 5
9011 1 3
185 5 5
59 5 2
2762 3 3
9417 4 4
4982 3 1
2692 4 4
35 4 5
3099 5 4
5862 5 1
1048 5 5
4927 4 4
6823 3 4
8893 5 4
9970 4 1
9385 5 4
9616 3 1
1063 3 2
3602 5 3
7069 5 1
3062 2 4
1976 2 5
6549 1 5
9740 1 5
4202 3 5
1368 5 4
1735 5 3
1462 1 1
7443 1 4
9841 5 3
3257 3 3
2040 2 3
9830 2 2
525 2 2
4557 5 3
8623 2 3
6397 1 2
9291 2 3
5 2 1
9577 5 5
534 2 3
3604 2 2
4571 2 2
6700 4 4
6945 3 4
5848 3 3
4818 3 1
1126 2 2
890 5 2
49 1 5
3895 3 1
5518 5 4
315 3 4
1021 2 4
9122 4 5
5553 3 1
9377 4 5
4477 2 5
9779 4 1
7392 2 4
9474 3 4
8318 4 5
5905 4 4
6729 5 1
6945 2 4
9185 4 4
1980 2 2
8572 4 4
6712 1 3
9644 5 2
635 2 1
1204 4 5
5137 2 4
2619 5 4
8474 4 1
9165 2 2
5973 2 4
1749 2 2
7280 4 1
8832 2 2
6889 3 3
4034 2 2
2465 1 3
9741 1 1
9036 2 3
7399 4 3
7949 1 1
1545 2 2
1249 4 2
7576 4 1
3068 2 2
2218 1 3
7028 4 2
4198 2 5
5774 4 2
2905 2 3
2894 1 1
5845 4 4
1664 3 3
7852 5 3
9124 5 3
567 5 4
3396 2 3
5326 5 4
735 4 2
1357 1 1
5887 5 1
4277 1 2
2146 5 2
7067 4 1
8211 2 1
8497 3 1
8383 1 3
6990 4 1
3289 1 5
6140 5 5
3921 2 1
8068 2 1
424 1 1
8642 2 1
6546 2 5
9644 3 5
1250 1 2
7646 4 5
4452 4 5
9535 2 4
1153 4 4
7281 1 5
4590 2 2
9396 4 5
7081 4 5
8055 5 3
6709 3 3
7722 1 4
3885 5 5
5164 1 5
5164 3 5
1229 1 3
1638 2 1
2076 2 2
4271 2 4
3608 1 3
740 2 4
4536 2 3
1892 3 5
3160 3 3
1580 1 3
2764 3 2
4813 1 3
2154 2 2
2326 5 3
7012 3 1
1501 2 5
1157 1 5
678 4 2
3266 4 5
2706 2 4
3432 5 2
9618 2 2
3844 4 3
64 5 4
5317 5 3
9637 2 5
1503 4 3
8545 4 5
8112 4 2
695 5 1
6898 5 5
4536 4 3
3627 3 3
8086 5 3
6191 5 3
206 5 3
3585 2 2
6680 3 3
1303 2 5
3498 1 3
7190 1 5
2314 1 5
9264 1 1
5340 1 3
5533 4 3
936 5 3
3853 2 3
8073 2 1
2114 3 1
1513 3 3
9772 2 4
3275 5 1
8488 5 3
9625 1 3
8966 4 4
4844 4 3
5493 3 1
9452 1 5
2137 4 4
952 3 1
6530 4 2
5777 4 2
1750 1 1
7475 5 2
5354 4 2
676 4 4
3597 3 2
2043 5 1
8094 3 5
439 1 5
6783 5 3
868 4 5
7505 1 1
5112 1 4
9244 3 4
5657 3 2
3658 5 3
135 3 1
4913 4 3
2552 1 3
6795 4 5
204 5 3
968 5 3
1188 2 2
9839 2 3
1992 3 2
7379 4 5
6431 2 5
234 2 4
2229 3 3
9481 1 3
6084 1 3
5358 2 4
8137 3 3
7260 3 3
2250 5 5
2629 5 2
7052 2 5
4520 2 3
8754 5 2
3721 3 3
3132 3 3
7559 5 4
544 1 5
5007 1 5
6379 2 2
1432 2 2
227 5 1
2367 5 1
7108 1 4
7483 2 5
8515 3 4
9845 2 4
6199 1 5
4218 1 5
5517 1 5
9911 4 5
5422 1 3
330 5 5
1129 3 4
8895 5 3
340 4 1
1754 1 5
3605 1 1
9711 5 3
8658 3 2
7018 2 5
2732 1 3
8034 1 2
8095 4 3
7835 3 4
5856 1 3
1217 1 2
3929 5 1
6357 4 4
2266 3 4
8402 2 4
2924 2 1
8665 4 5
5210 4 2
2127 4 3
2990 3 3
9483 5 2
1941 1 2
9812 5 1
5262 1 3
5867 1 2
4411 1 4
4396 3 4
8076 3 5
7697 4 1
9341 2 5
8353 1 3
6444 3 2
2219 3 5
1451 2 4
5733 4 5
7890 1 2
4005 5 3
9026 5 5
6044 5 1
3854 5 4
7971 4 5
4122 2 1
2063 1 5
3898 4 2
6656 4 1
7350 5 4
2506 3 4
6296 2 5
3243 2 5
8559 5 3
5787 5 1
2762 2 1
6672 1 4
4976 5 3
1800 2 1
456 4 2
8729 5 1
7679 2 3
9020 4 2
8320 5 3
3324 5 4
8619 2 3
3663 2 1
4506 4 5
998 4 4
7872 4 1
287 3 5
9820 2 5
6532 1 5
4631 3 2
3869 4 5
3837 3 5
1759 3 1
9022 4 3
7702 1 4
6323 3 5
4336 5 5
890 3 1
4829 1 3
6727 2 4
4074 1 4
6669 4 5
7801 5 5
4172 5 2
9113 1 1
1601 5 3
6066 3 5
4139 4 2
1488 5 3
5434 2 3
9623 4 1
5621 4 2
4233 2 1
6257 2 4
2405 5 3
1844 2 5
1363 1 3
40 3 1
7479 1 3
8034 3 3
6873 2 2
9864 2 3
8991 4 4
7677 2 5
8913 3 5
3075 4 3
1795 2 3
1934 5 3
2665 5 5
8492 2 4
6644 2 5
55 5 2
8933 2 2
6371 1 2
6519 5 2
9076 5 3
7392 4 1
1310 5 2
3776 3 5
3797 2 1
6121 3 5
1044 3 1
4464 3 1
9239 2 2
1388 4 2
7880 3 1
2585 4 4
4275 5 5
4582 4 1
6210 5 4
6871 5 1
7033 4 1
389 2 4
7564 2 1
2940 5 5
4995 1 3
8782 3 1
2192 1 1
3275 1 1
933 4 3
1334 5 1
3512 1 1
5929 5 2
3033 3 4
7425 5 2
5426 4 4
5088 4 2
4078 5 5
9962 4 3
2562 5 1
9629 5 5
1744 3 3
9999 3 1
8797 5 1
9608 4 2
1484 1 2
8445 5 5
2644 5 1
9437 3 3
9664 2 5
2519 3 4
797 5 1
4598 3 3
3665 5 1
3880 3 3
3468 4 3
9184 5 1
9750 4 5
1655 2 4
1906 5 2
2770 1 5
5980 1 1
4046 4 3
5333 3 1
4480 2 2
8229 3 5
4587 1 3
1393 3 5
1465 2 4
3590 3 5
6960 1 4
6971 2 2
6642 1 1
6423 1 5
760 2 3
1515 2 5
9885 2 4
7875 5 4
6445 2 4
8463 3 1
5909 2 4
3419 4 2
9591 2 1
2295 1 1
5931 5 2
9754 5 1
4897 4 2
892 4 2
1328 1 4
7111 5 1
3917 2 3
7184 5 1
6436 2 1
2606 1 1
7515 5 5
825 2 1
4934 2 5
6183 5 3
9541 4 1
1137 2 3
2035 2 3
3708 4 2
5836 5 4
5802 4 3
3084 5 3
291 3 4
509 4 2
5667 3 4
7933 5 3
8075 1 1
3676 1 4
8571 1 1
1149 5 1
2896 2 3
8294 1 3
8622 3 5
1923 2 5
8668 3 1
4959 3 2
2323 5 3
5849 5 4
9783 1 3
2132 4 5
9689 1 5
1778 4 1
3561 5 4
5081 2 3
3093 3 5
8957 5 4
2814 1 3
4014 4 2
3905 2 3
2498 4 5
416 3 5
7419 1 4
7578 5 4
7435 1 1
3478 2 5
1149 3 1
8005 4 5
3571 2 4
7895 2 1
4812 5 2
7395 1 4
397 2 4
1864 1 1
9838 3 1
4558 3 2
8854 4 2
371 2 2
4159 3 4
5187 4 1
2791 4 5
4107 3 1
6399 2 5
3115 1 5
9864 5 5
4652 2 1
495 1 5
1712 1 3
1606 1 5
1057 5 4
3166 4 4
6650 5 2
4575 1 2
9829 1 3
9644 5 2
6165 3 2
829 3 4
8564 5 2
1365 1 2
4966 2 2
6871 3 2
7455 5 5
1346 4 4
7451 3 4
4257 3 2
6468 4 1
1823 5 1
1575 2 5
6290 4 1
7618 1 4
6813 5 2
4935 5 2
180 1 1
8350 4 1
8401 4 5
7870 2 3
1372 1 3
7930 4 3
9139 5 5
1398 1 5
8137 3 2
1264 4 1
1940 4 4
2936 1 3
8726 3 4
8586 5 3
5534 2 1
2115 3 3
1146 5 2
7452 2 4
8619 3 1
2893 2 3
6349 4 5
5038 3 5
5389 3 3
7855 5 1
4126 1 3
6843 3 5
5670 3 5
9562 3 5
1442 2 3
652 3 3
5675 5 2
7149 3 4
165 2 5
3480 5 4
8963 5 1
4432 5 1
9263 5 2
6672 2 5
2432 4 2
2588 1 3
6027 4 5
9249 5 5
1998 3 5
2544 1 4
9414 4 1
4188 2 3
2712 1 2
2390 3 3
8541 1 5
5840 1 4
8885 1 3
9982 2 2
4657 3 5
4295 4 5
4502 2 4
203 1 2
9927 3 5
9576 3 3
2550 2 4
184 1 3
2441 3 2
1936 2 2
9748 1 1
488 1 1
4610 5 1
9984 4 5
7646 3 2
959 2 5
3930 2 2
3528 5 2
4400 3 4
1668 3 2
7443 2 3
1249 4 4
2325 4 4
8906 3 4
6472 1 5
5910 4 1
6851 3 2
7133 1 4
8117 2 3
3477 2 5
3195 2 4
2191 2 3
2707 4 4
5926 2 2
2736 1 1
2064 4 3
8660 1 5
2205 2 1
3541 3 3
8965 5 4
7608 4 1
2216 2 2
9588 4 2
521 5 5
8138 5 5
5057 1 1
6432 3 3
5540 5 2
1526 3 3
5037 4 5
4509 3 5
765 2 5
8690 2 3
2867 5 3
7589 3 5
4711 4 1
176 4 5
3239 1 5
4647 5 3
6550 5 3
6600 5 3
1824 1 2
302 2 5
1554 3 3
7408 5 5
5561 5 2
4502 4 3
1549 5 3
6081 5 1
1195 2 1
6611 3 4
9445 1 1
4847 3 4
607 5 5
5846 5 3
6280 2 2
9711 1 2
2186 5 5
1168 3 1
4512 2 5
4646 3 3
7662 1 2
9323 1 4
5616 4 3
928 4 1
555 5 2
6917 4 2
2649 2 3
3207 3 1
8988 5 4
6071 4 3
6837 1 5
5092 1 4
9256 3 2
7631 5 5
7536 1 2
768 2 5
8183 2 3
607 3 5
3233 1 1
9091 3 1
5859 5 5
607 5 2
4619 2 5
2651 2 4
9405 3 5
6455 4 4
198 1 5
1637 2 3
5135 1 1
7807 1 5
1383 1 3
7676 3 3
6072 3 3
3814 1 4
8632 3 1
2583 5 5
5134 2 4
6077 3 4
8016 5 4
9238 3 5
9153 1 4
9107 3 1
9924 3 1
8270 1 1
5516 3 5
531 3 4
1542 3 5
2485 3 1
986 1 2
4374 1 2
4528 4 3
4987 1 4
382 2 5
9316 5 3
3196 5 4
1655 4 2
8098 3 4
3247 2 2
871 4 3
4635 3 1
9091 1 4
8876 3 5
3276 3 4
3646 1 5
455 2 3
2030 3 2
5730 5 5
9800 1 2
4301 5 1
4818 2 2
9609 4 5
4215 2 1
1709 2 1
5995 1 4
4750 2 4
2907 4 5
2865 4 1
9056 2 3
1987 1 5
3537 5 3
8085 3 5
5396 3 5
9343 4 5
5289 3 5
5108 5 3
2936 2 4
3696 3 5
8217 1 4
9427 1 3
4302 4 5
2706 5 1
5424 4 4
3060 1 1
6025 4 2
1206 5 3
7317 1 5
7106 5 2
6711 2 5
7510 4 3
6670 1 3
8606 3 3
8045 3 5
9637 5 5
7170 3 1
2411 4 2
8677 1 1
8510 5 5
2416 3 3
8508 3 5
8885 4 4
2939 3 3
9107 3 5
2467 5 4
3507 1 5
3444 2 3
270 1 1
806 5 5
5089 5 3
1266 5 5
7659 3 3
5487 5 3
2468 5 3
7663 5 2
2173 5 2
6479 5 5
8719 3 2
6493 2 2
2982 5 2
8306 3 4
3783 3 4
6504 5 2
7710 3 2
1926 5 2
5795 1 1
440 5 4
1814 4 3
5167 3 2
9330 4 1
8316 3 2
4881 3 2
7484 4 2
4341 4 5
2516 4 2
1435 4 4
3839 4 1
4973 1 2
7825 4 2
2494 2 4
2601 3 4
9539 5 2
760 3 2
8610 2 2
2554 4 5
5449 5 5
4289 2 4
5898 4 1
6760 1 5
4392 4 4
9872 3 4
3933 4 1
5357 3 1
8569 2 4
6551 1 3
2015 2 5
4690 1 5
5501 4 4
9907 4 5
5367 2 3
2578 5 1
3552 4 1
5442 5 3
8713 3 5
5633 2 1
1926 4 5
2301 3 3
9493 3 5
3200 3 4
6342 2 1
1894 3 1
6503 5 4
9562 3 2
6967 3 4
5240 5 1
1589 3 3
4277 2 3
8174 5 4
3598 5 4
9584 1 3
3136 3 5
9212 2 4
9958 5 5
2868 4 4
7075 4 1
3443 4 1
3836 5 3
5241 1 2
6329 5 2
9683 2 4
7986 4 5
7102 1 1
1569 3 2
8749 5 4
389 1 3
7088 5 1
1961 4 5
6259 5 3
3690 5 4
698 5 5
1969 1 3
4061 3 2
2535 4 2
5585 1 5
2955 5 1
7460 2 3
5815 2 3
3766 3 4
3744 2 2
6899 1 1
9279 3 1
8487 1 2
2868 1 1
6422 4 3
6442 3 4
6495 5 5
8832 4 4
4797 3 1
7291 2 1
348 4 2
4165 2 2
5382 2 2
2862 5 1
5308 4 3
6143 1 5
3949 3 2
159 3 5
9780 5 4
5379 1 2
4412 1 2
1311 2 1
279 4 1
1162 5 5
5174 1 2
6022 2 5
8672 3 5
3343 4 1
4010 2 1
4104 2 2
4405 4 4
7927 3 2
4608 1 4
8472 3 1
2891 1 1
5200 5 1
8538 5 3
1871 2 5
1899 3 3
5446 2 2
9706 4 4
7852 5 3
1694 1 1
8447 2 2
1858 4 2
1323 3 5
2450 4 2
2337 1 2
5490 3 2
6593 1 4
6987 1 4
1528 1 2
9561 4 2
1139 4 5
7269 5 2
6509 3 5
4267 1 5
709 2 4
102 1 5
4159 1 2
204 2 1
8035 1 3
2287 2 4
3340 4 4
8434 3 2
1757 5 3
1714 2 4
303 2 2
5618 4 4
125 2 2
8442 3 3
1904 2 1
6550 3 3
8265 2 2
1426 1 2
6353 1 5
7571 2 2
5568 2 4
8144 1 2
6539 3 1
5461 1 5
6088 1 3
4726 3 4
1256 4 2
6520 1 2
6877 3 4
4580 4 5
8684 5 5
9627 2 2
6282 4 2
4492 1 1
135 2 2
1577 1 1
8420 5 3
6335 3 3
20 1 4
8597 1 4
7343 3 3
8503 1 4
2251 4 3
3188 3 5
9244 5 5
2818 4 2
4758 5 1
6425 5 3
6435 3 4
8291 3 3
3037 1 1
3625 3 4
1660 2 2
8190 3 3
712 5 5
3586 1 5
1830 5 1
3725 5 2
7170 4 2
1734 5 2
2401 4 2
8084 4 2
6799 5 3
3628 1 4
1989 1 4
2344 2 1
5417 2 5
1582 5 4
2121 5 4
4842 1 1
1472 4 2
858 3 2
105 5 2
4227 1 1
9685 4 2
182 2 5
947 5 1
5674 1 2
2031 1 4
2577 5 1
9660 2 5
201 5 4
2619 4 3
3605 5 1
2700 1 3
1311 4 3
7829 2 1
9724 4 1
4763 3 3
8951 1 1
2199 3 4
4993 1 4
6478 2 2
3646 4 4
597 4 4
7569 1 4
3044 3 3
3259 1 5
3942 2 1
2597 1 4
6226 1 5
416 3 1
7367 5 3
2914 4 3
8688 3 3
9783 3 4
7088 1 4
3780 4 2
8957 1 2
8725 5 1
4922 4 2
4499 3 1
9023 4 2
1777 1 3
1190 5 5
8625 4 1
2612 3 5
1190 3 3
962 1 4
3090 3 2
2608 5 3
2496 4 2
8109 5 3
530 1 3
5512 1 1
8467 3 3
9479 4 4
2998 4 2
4973 5 1
3160 1 3
3996 2 4
6002 1 3
4054 1 1
9149 5 3
805 5 5
5562 4 3
7014 1 4
9974 1 1
537 2 2
2312 1 5
9118 2 1
6311 1 1
1299 2 2
3324 4 2
4395 4 2
1642 3 2
4125 5 5
467 4 3
9459 2 3
2577 4 4
7166 1 2
4856 4 4
4028 4 4
5032 3 5
3233 5 5
1180 2 4
9922 2 4
7392 3 1
4462 2 2
4540 4 3
4460 3 5
7192 4 4
8924 3 5
8969 1 3
8357 5 5
1075 1 4
1013 1 5
3655 2 1
3848 3 5
4963 5 1
3323 1 2
5334 5 5
8041 3 1
7773 2 3
5186 3 5
3515 2 3
6460 4 4
7914 2 3
1250 5 4
7823 4 2
596 5 2
395 3 4
6019 3 2
6700 1 1
4240 1 3
9584 5 3
6416 5 1
2291 3 3
5718 3 5
6722 1 5
9410 1 3
4454 4 4
5910 3 2
5062 4 5
2290 1 2
6411 5 5
59 1 1
3795 2 4
877 5 5
2124 4 5
2872 2 2
6946 5 5
2970 2 1
5972 4 1
8925 5 4
3136 3 3
3933 4 4
1652 1 5
9738 4 2
4758 1 1
7358 4 2
9922 4 5
7289 3 5
3807 3 5
9722 3 2
3278 5 3
9022 4 2
6884 4 5
7284 1 5
3047 4 1
5591 2 5
4485 4 4
7188 5 1
6863 1 5
758 5 5
4950 1 5
2257 5 4
5073 3 3
4136 2 3
4230 5 2
2668 1 1
5598 5 1
1900 1 2
5555 5 4
9673 4 1
8936 3 4
5516 5 2
8699 5 1
3099 1 2
9615 2 3
8361 2 2
2814 3 5
6131 4 1
5718 2 1
719 2 5
4917 4 4
6363 5 1
2159 3 2
6320 3 5
7218 3 2
1476 4 1
7222 5 4
661 1 2
1475 5 1
6266 4 2
1747 4 4
8324 3 1
7752 3 4
8880 2 2
1313 3 4
6963 3 3
6186 5 3
2031 3 5
233 1 2
2424 5 1
1995 3 4
7924 1 4
4601 5 2
4637 2 5
6875 4 4
8387 3 2
1037 2 5
4775 2 2
9048 3 3
3553 3 5
1019 1 3
6251 1 2
5502 2 1
763 4 3
3275 2 5
6235 5 1
2185 1 1
2984 4 1
5478 5 4
4400 3 1
2323 2 4
3222 1 3
8824 3 1
1362 2 1
2769 5 2
9485 5 4
9330 4 2
314 3 5
7961 3 5
4659 2 1
6157 5 2
429 2 3
4765 3 1
8516 3 3
4512 2 1
2756 3 5
4419 2 3
4200 4 4
5921 5 4
6594 2 1
3062 5 5
8085 3 3
4873 3 1
1994 1 5
8334 2 2
7785 2 3
7054 4 3
5793 4 3
479 5 5
1904 1 1
8294 4 2
7708 2 3
7913 4 4
7711 1 3
3023 4 2
3116 1 1
7259 3 1
5361 5 1
6671 5 3
686 5 2
3152 1 2
7567 5 1
9845 3 2
2049 4 1
1093 5 3
5598 5 1
5273 3 3
1982 5 1
5977 1 2
7819 4 1
7917 1 3
7022 5 4
77 1 3
3425 5 4
2369 1 2
4915 2 5
523 1 5
2082 4 4
777 2 2
6825 3 5
6207 4 1
3878 2 3
9453 1 4
8573 4 4
6338 5 3
2187 5 4
1728 4 3
2603 5 1
7047 1 4
5711 4 3
8732 4 1
7873 1 1
7693 2 3
2592 5 3
1205 2 1
2740 1 4
703 3 2
7237 2 1
184 3 2
3419 5 1
1105 3 2
6923 4 4
5316 1 3
4239 1 5
1854 4 4
217 2 4
7492 4 3
7303 2 3
8478 2 3
5992 1 1
7214 4 2
4431 1 3
7322 3 3
8038 3 3
7736 4 4
8262 3 5
2329 1 5
9257 5 4
8646 5 5
4035 4 4
1902 5 2
6306 5 5
3734 5 4
2868 2 2
1872 5 2
2733 1 5
6028 1 3
3615 1 3
6913 1 2
4572 4 2
7700 1 5
8174 2 2
7863 5 1
5265 1 2
2292 5 2
4754 3 2
4169 2 3
257 1 2
8996 1 1
2131 1 5
2563 3 2
9691 5 4
2278 5 4
3961 3 4
9000 2 4
7894 1 5
9075 2 1
2126 2 5
9253 5 4
7896 3 1
3292 3 2
3386 2 1
3872 4 3
387 2 1
2243 5 5
8867 2 4
8004 5 3
1398 2 2
9754 3 4
1611 2 3
966 1 3
7247 3 3
7172 5 5
504 2 1
4711 3 5
3329 1 1
453 1 5
1372 5 2
2932 1 3
3657 3 1
1081 4 3
7671 1 5
4906 3 5
8064 1 3
9805 4 1
262 2 4
2325 2 4
4290 5 3
7893 2 4
6805 5 2
1679 3 3
2205 5 1
9635 1 5
315 2 1
5415 5 3
350 5 5
5566 5 5
7370 4 1
7172 2 5
3986 1 5
7184 5 4
8957 4 1
933 2 3
3672 4 3
3297 1 4
7191 2 3
2572 2 3
8920 3 4
5994 2 4
7038 1 4
7601 4 3
9047 1 2
9745 2 4
7693 1 4
5407 1 3
406 3 1
7269 4 4
9452 3 1
2008 2 5
8940 1 3
6537 3 2
5253 5 4
481 1 2
9703 3 5
3840 2 4
1223 1 2
9412 4 1
4806 3 4
3569 2 1
5748 3 5
2195 2 4
4723 4 4
2913 4 1
2412 1 2
4878 4 1
2083 4 2
5920 5 2
2469 5 1
6371 1 2
4411 3 2
4718 5 1
6643 2 4
8888 4 5
6592 1 5
3682 1 4
5178 2 3
7287 1 5
5446 2 3
7807 5 2
7175 4 2
7422 1 3
1958 2 4
1386 5 1
3569 4 5
3164 2 3
4115 4 1
5862 3 2
8051 5 1
2967 4 2
4514 2 4
3282 1 3
550 5 1
7903 1 2
2746 5 5
6294 3 3
5427 2 3
8270 1 3
5413 5 5
112 5 5
1344 5 4
7458 5 3
972 3 2
8637 4 2
3475 3 2
2035 1 2
220 5 1
6475 3 1
262 5 2
9714 5 2
6435 1 1
1172 1 1
4002 5 1
3578 1 1
1082 5 5
9072 1 2
4762 2 3
1278 1 2
3051 2 1
6652 3 4
8582 3 1
3076 1 1
9837 3 1
1725 4 5
863 4 5
676 3 1
9364 2 3
2661 3 3
5911 3 1
1914 2 3
8645 4 1
2811 5 5
1015 3 1
4449 1 5
4635 2 1
2907 2 2
7844 3 1
3657 5 5
4802 5 2
4394 5 1
1098 1 1
6528 2 1
6904 4 5
557 1 4
2361 2 4
1319 5 3
4290 3 4
9987 2 2
2992 3 1
5180 3 5
1909 5 1
5955 2 1
6913 2 1
8475 1 1
3249 5 3
6868 1 5
4038 3 4
1616 3 4
380 1 4
2807 2 3
1678 5 4
2880 5 1
6744 4 3
7818 2 1
8407 4 1
1874 3 1
2613 3 1
2879 2 1
4077 4 4
6793 2 4
5791 1 5
2536 2 1
903 5 1
7428 3 3
4280 2 3
6552 3 1
1988 1 4
8192 4 4
3721 4 4
7363 4 3
8088 3 5
3129 2 3
4580 5 3
6277 2 2
4562 5 1
3725 5 1
4285 1 4
9751 1 5
1835 5 2
1813 5 3
3527 1 3
686 2 2
1649 4 2
1901 3 2
8068 3 5
3700 2 5
2934 4 3
5919 1 4
2793 2 5
5366 4 3
916 4 2
6002 3 2
7149 5 1
8355 1 5
620 4 3
9451 3 3
9745 2 5
6083 1 2
7456 3 5
7008 3 4
5703 1 4
3568 1 1
930 5 4
1251 1 4
569 5 4
9483 5 3
9932 5 3
7907 5 3
6894 3 3
7763 2 1
2621 4 1
5559 2 2
4739 2 2
2632 3 4
7486 3 1
2182 5 2
3935 1 1
4899 5 5
4830 1 3
419 1 1
3230 1 4
2967 4 5
9964 3 5
1150 2 2
1222 4 4
4679 3 4
8467 1 3
2931 2 4
7875 1 5
9418 3 5
4518 1 4
4010 5 1
1522 4 1
5763 2 2
8430 4 5
742 3 4
1879 5 1
2400 5 2
6981 4 4
6002 2 1
2702 1 5
9432 5 2
2272 3 1
1578 1 4
5059 4 2
1325 5 2
4402 4 3
5733 2 1
2185 5 4
7492 4 3
7010 5 3
4705 1 3
14 3 1
3240 2 2
3922 1 4
3925 3 5
8397 3 4
8304 1 1
8585 2 2
6844 2 1
1702 4 1
774 3 1
4601 1 1
3908 2 4
6347 1 1
9568 2 4
9990 3 1
6463 4 3
2571 5 1
9010 3 2
1228 2 4
76 3 1
340 4 1
9520 4 5
9830 5 3
5020 5 4
9823 3 2
9017 2 2
7148 1 2
3968 3 1
9055 4 5
6278 2 2
7176 5 2
4833 1 4
6604 3 5
1585 2 1
3881 5 1
7512 4 1
722 5 5
7852 5 4
1994 3 4
5408 2 5
8936 5 3
6450 3 1
7161 4 1
4995 1 2
6851 4 4
3463 3 2
5668 1 5
5106 1 2
9508 4 4
2464 3 3
8671 5 3
9678 5 2
2850 5 5
3986 3 5
9347 1 2
4542 1 2
7592 4 1
6607 3 5
5308 4 1
9290 1 3
4779 2 5
6939 4 3
7291 2 2
8216 3 2
722 2 5
9697 1 5
9937 5 5
8914 4 5
5328 5 2
8197 3 2
910 2 4
4796 3 5
4769 5 2
4520 4 3
7946 3 1
2369 5 4
9122 2 2
458 4 3
629 5 2
3462 4 3
2252 5 3
8492 4 4
4707 4 3
1949 1 3
4573 4 4
6983 4 4
2669 5 1
7457 2 5
9035 2 2
914 1 5
1316 3 1
9215 4 5
5141 2 3
7453 2 3
8934 5 1
9825 3 1
7550 3 1
8516 5 2
4146 5 4
809 5 5
2043 1 3
5730 4 4
4024 1 2
6408 3 5
535 3 2
6569 2 5
9920 5 3
1423 4 1
5317 1 1
7761 2 2
7034 3 5
2095 3 5
4833 4 3
75 3 3
9464 2 4
1457 1 5
3668 4 4
2288 3 5
423 2 5
2616 3 4
2763 2 3
2172 2 3
2575 3 2
9124 4 1
7030 1 3
5535 2 3
7326 3 4
1671 2 5
1869 5 4
307 5 1
3334 1 4
7404 1 4
5272 1 2
5278 3 1
1713 4 2
7390 1 1
784 1 4
4368 4 5
3587 1 3
2786 1 1
4040 5 5
7269 2 5
5823 2 3
8000 3 2
8352 5 4
1600 4 1
6101 5 4
7715 4 5
5019 3 5
3845 4 1
3064 3 2
6861 5 2
3630 4 2
2455 1 4
322 1 3
6273 2 2
1689 1 2
4421 3 1
9339 4 3
7743 4 1
633 1 3
1674 1 4
9117 4 5
5940 5 5
7364 1 5
3559 5 3
9412 1 4
878 2 2
7075 4 2
4313 5 2
356 3 1
3013 1 2
7154 5 3
1905 2 3
3600 4 2
853 2 1
5003 2 2
3583 4 4
6431 4 3
3223 3 4
1002 2 3
7771 2 3
6529 3 2
6206 1 4
4400 5 4
4625 3 2
5176 5 5
1602 2 3
4940 2 1
9941 4 1
7260 3 1
7194 5 5
3856 1 3
4125 3 5
4904 5 1
3145 3 5
6702 4 2
4620 1 4
5910 1 1
3470 4 4
7507 5 5
5627 3 5
3022 1 4
6314 5 1
192 5 3
8772 5 4
1133 5 1
1439 5 1
6069 3 2
5376 3 4
838 1 4
8331 1 5
9345 5 2
3893 2 1
5215 3 2
1048 2 1
7451 4 2
5694 1 5
4462 5 2
2492 3 1
8739 1 1
3150 5 3
3881 3 3
9943 5 2
814 1 3
2565 5 3
4073 4 2
6557 2 5
1018 1 2
5854 3 1
6266 2 1
6749 4 2
9642 3 2
4256 4 5
204 4 2
5165 4 5
5093 1 2
620 2 2
8626 2 2
4988 5 1
6773 5 1
5931 5 5
523 3 3
6459 4 3
5573 3 4
7013 3 1
9512 1 3
5751 4 1
6078 3 3
4893 1 5
403 3 3
5163 1 1
4313 1 5
4499 4 2
4410 1 4
6637 3 2
5210 3 4
7520 3 3
7102 3 3
3206 3 4
573 4 1
3568 3 1
7595 4 5
7455 2 3
2820 2 2
7021 4 1
5775 5 2
9627 2 1
1423 4 4
6614 4 2
700 2 5
6393 1 4
2005 4 1
894 2 3
2606 2 2
59 2 5
9300 4 1
8911 4 1
848 5 3
8046 4 2
4257 4 4
8863 1 4
7890 3 2
9506 5 5
6224 1 5
236 4 4
5645 4 4
4695 3 5
8447 1 5
2611 4 1
8735 1 1
5650 2 3
5755 1 4
8852 2 2
2470 2 2
2120 5 2
438 1 3
8191 4 4
3980 4 3
9817 5 4
6374 3 5
6916 1 5
8579 5 3
1626 4 2
8077 4 5
8290 1 4
1464 4 3
8377 5 4
646 2 1
3279 3 5
6186 3 5
1224 3 1
255 3 4
2093 5 2
245 2 4
4251 4 1
9439 3 2
4130 4 2
9537 3 3
2870 5 1
1584 4 3
84 2 4
2329 1 2
4878 1 5
2299 3 1
4585 4 4
7480 2 3
834 4 1
8612 4 2
6571 5 2
6765 5 2
8471 3 4
547 4 4
83 1 5
7590 2 5
6168 2 2
5415 4 1
6520 4 3
4420 1 2
2136 3 1
3799 5 2
9391 3 2
7866 1 1
8362 5 3
4167 1 5
8357 2 5
7807 2 3
289 5 3
9639 5 4
9298 2 5
1885 5 3
4366 3 2
4848 4 4
2053 2 3
1941 5 5
4491 2 5
6659 3 5
9975 3 5
9299 1 5
9464 5 2
1156 4 4
5662 2 3
6441 2 5
3426 2 3
5545 5 4
5362 3 2
9225 4 1
4517 3 5
6465 5 4
1567 4 2
9427 4 3
9731 2 5
5205 1 3
8420 4 1
1271 2 1
9525 5 4
1977 5 4
233 2 2
7702 4 2
5361 5 5
7804 3 1
8155 2 2
5668 4 5
6976 1 3
9650 2 4
2370 1 2
3927 3 4
1918 4 4
513 3 3
8606 5 3
8356 3 4
579 5 4
6458 5 3
1863 1 1
4696 4 1
593 4 4
3661 3 4
6236 3 1
1573 1 3
903 5 3
2427 5 2
3461 5 5
4513 5 2
8721 1 4
8887 2 5
2344 3 5
7930 3 2
7050 1 3
1878 2 5
5160 1 4
5022 1 4
2439 1 5
2908 1 3
7447 3 1
7231 1 1
8879 3 4
2992 5 3
3851 2 3
1230 2 3
9835 1 1
8272 2 4
6263 1 2
8689 4 4
8041 3 5
2595 5 4
4605 5 4
7195 5 5
5427 1 2
2639 3 3
3318 5 5
2795 1 3
2418 5 4
3231 5 2
6308 2 3
7677 3 2
9618 4 1
462 4 1
5525 1 2
6998 1 2
4763 2 4
8632 1 1
6203 3 1
4283 1 5
9755 2 2
3550 1 3
2302 3 1
3443 4 2
6050 1 1
6568 2 3
8765 1 1
5343 1 2
1465 5 2
3977 3 1
845 1 4
54 4 5
1122 1 3
1718 4 1
1897 4 3
446 1 1
5769 3 2
6704 5 4
7132 1 1
1623 1 5
398 4 1
8694 1 5
928 3 2
948 5 5
7186 4 1
5056 4 1
8064 4 5
4677 4 3
2326 1 1
4894 3 4
2097 5 4
5668 3 5
6195 5 1
2167 4 3
6206 1 5
200 1 2
8684 3 1
2575 1 3
9185 4 5
7791 3 4
7197 2 2
148 4 5
8669 4 3
8084 3 1
1892 4 5
310 3 2
2428 3 2
1388 1 3
6427 1 2
2672 4 1
4649 2 5
7618 5 1
1666 1 3
502 2 2
2177 5 4
3421 3 3
4703 1 3
2965 4 3
3908 2 5
1846 3 3
9698 4 5
3642 2 5
7242 2 1
5828 5 5
5165 4 4
8575 3 3
473 2 2
1597 3 3
1624 4 1
83 3 4
4495 3 5
2912 3 5
2088 3 5
9448 3 4
5496 4 5
2743 4 5
8479 1 5
6955 3 1
9016 2 5
7001 3 1
2130 2 2
7443 4 4
4087 3 2
2905 5 4
767 1 5
4759 1 2
3494 3 1
9888 3 5
6094 4 2
9933 3 3
338 2 3
5247 4 2
3064 4 4
5924 2 2
1897 4 1
5463 2 1
4973 2 2
9859 5 1
8097 3 4
1588 1 4
7915 5 1
2234 2 2
5834 1 1
4177 3 3
4009 1 1
2060 2 1
724 2 1
7577 3 4
5434 3 1
9421 3 1
3308 5 1
8794 2 1
1328 2 4
8490 5 3
8826 5 1
327 3 2
5003 2 3
6270 4 2
7192 3 5
6015 5 1
8470 1 1
370 5 1
2393 2 2
5695 1 1
9302 1 3
8954 2 5
5868 1 3
689 5 4
9825 2 2
2509 3 2
932 2 5
3101 1 1
2271 5 1
7866 2 2
1919 2 5
9075 5 5
4086 4 4
7223 3 1
9690 3 2
7356 4 4
192 5 3
4902 2 3
1050 2 3
6120 5 3
5959 5 1
3089 2 1
2970 2 1
7016 2 4
3579 5 4
2434 1 4
8822 1 4
3018 5 3
9934 3 4
7149 1 4
1964 3 2
6436 3 4
8747 1 1
7520 1 4
2278 1 5
3822 5 3
5184 2 3
5503 3 2
1452 3 2
4077 3 5
7749 3 1
63 3 5
4026 2 4
9318 4 3
3834 2 5
3086 3 3
8459 1 1
2376 2 1
4994 5 4
3235 2 2
4899 2 4
7800 5 2
5884 5 4
3518 1 4
1057 4 1
4799 3 4
7399 1 5
2096 4 2
2627 4 1
307 1 3
8027 1 1
7929 5 2
7067 2 1
6236 5 4
3409 1 4
2632 5 1
903 3 5
4356 1 5
5900 5 5
3908 3 2
8263 3 4
7988 2 3
7841 3 3
1383 2 5
9808 3 3
3456 1 4
5618 5 1
2727 2 5
4340 2 5
1381 5 5
414 5 1
235 2 1
5431 4 4
7896 3 4
2529 1 2
4394 2 1
5106 1 1
198 1 3
919 1 3
8058 4 4
1455 4 2
7690 1 1
1839 1 3
1688 1 1
8905 2 1
1923 2 4
9624 2 5
7588 4 5
7011 3 2
3563 1 3
8566 5 2
1762 1 5
6571 4 5
4231 4 2
4634 3 2
1325 2 5
116 5 4
1707 1 4
6433 1 1
749 2 5
9782 4 2
3634 5 4
7496 2 5
5306 4 2
6327 1 2
2851 5 5
7439 5 3
7335 2 4
2684 5 1
7829 4 5
454 3 2
7529 3 3
5824 5 1
6816 1 3
6202 1 5
5224 2 5
4302 4 3
3454 4 3
4203 4 2
178 4 5
3501 3 5
2182 4 2
7566 3 2
8241 4 1
1397 1 1
7203 4 2
6985 1 3
7351 4 1
4737 2 2
7204 5 1
5284 2 4
5393 3 4
3486 5 2
4057 5 1
1123 3 5
9002 3 3
5484 2 2
920 1 2
521 4 3
2857 4 5
1169 2 5
9843 2 2
4068 4 1
9714 5 1
423 1 2
4767 1 4
4614 2 2
1840 1 5
8781 5 5
1080 5 4
7941 1 3
7723 3 5
3086 4 4
6486 2 5
8863 5 4
1262 4 3
2624 3 4
9065 3 1
2503 2 3
9837 1 4
3343 3 1
3966 5 5
1322 2 5
5283 4 2
6324 1 1
7738 2 5
3985 2 1
5940 3 2
1858 3 2
8184 5 3
8322 2 4
2755 5 1
5303 4 1
3996 4 1
9149 1 1
3962 2 2
8671 5 3
1688 1 4
9637 4 2
482 3 2
4281 2 1
4312 1 2
8375 4 1
3291 4 2
8129 3 4
220 3 5
7074 4 2
7918 3 3
8147 2 5
6348 5 2
2424 2 5
359 5 4
3161 3 2
6711 4 2
8463 3 4
7594 3 5
8442 3 4
2104 1 1
2746 3 2
9433 1 1
1719 2 4
1431 4 4
2526 1 1
6663 5 1
47 3 1
4337 3 2
8986 2 3
1930 3 3
4058 4 4
1685 2 1
5597 2 5
6857 1 5
125 4 3
7551 3 3
2851 3 3
1315 1 4
8698 5 3
2932 5 2
3167 4 4
7668 1 5
4547 5 3
3131 5 3
1544 3 1
169 1 5
6985 4 1
2038 3 3
3207 4 3
709 2 1
7841 3 2
9461 3 4
1771 3 5
5977 1 3
1375 1 2
9677 5 3
2090 2 5
6512 1 5
3409 5 4
8453 4 1
3439 5 1
879 5 4
5159 4 1
5364 3 1
6276 4 2
9945 4 4
9435 4 2
8594 5 4
5046 4 1
3811 2 1
1099 4 1
835 2 3
7074 4 5
5916 1 4
9569 2 2
4883 5 4
2209 3 3
7341 5 3
7702 5 1
3828 3 1
3694 3 4
9259 2 3
8189 1 1
9265 1 5
1026 5 4
8915 3 5
3892 5 5
4524 3 5
7124 3 2
4300 1 5
6694 2 3
8474 4 2
8790 1 4
7650 4 1
907 2 3
5187 3 3
9886 3 3
5553 5 3
387 2 5
1969 4 2
5246 2 3
4821 4 5
6885 1 5
5017 4 3
4438 2 4
5143 4 2
7968 5 1
1457 5 2
5393 1 3
4860 3 4
4132 5 4
7492 2 3
5934 3 4
3412 2 2
7036 1 3
2082 1 3
271 2 1
6642 1 3
3871 5 1
2113 2 4
8250 3 3
1481 4 4
2037 2 4
5774 1 5
2733 1 5
9840 1 3
9198 4 1
224 1 3
5249 2 3
2080 1 2
8025 1 3
9390 3 1
2457 4 2
9778 3 4
7061 1 4
3208 3 4
1116 5 2
9049 5 3
2022 3 1
3238 4 4
2257 5 3
8032 1 3
1026 5 2
3875 4 4
3406 2 1
506 4 5
7757 2 1
1720 3 4
4514 3 5
4965 4 4
7450 3 4
6650 3 4
8676 4 2
5325 1 2
6779 2 4
6462 1 1
8326 3 4
1914 3 2
6218 4 2
3568 4 3
8928 2 3
686 5 2
7062 1 1
4591 4 4
9049 3 1
9961 4 5
322 2 5
134 2 1
9714 3 5
490 5 4
8712 2 5
8209 2 5
1883 3 2
4643 2 2
5100 4 1
6288 4 4
1670 1 4
4569 3 5
8630 4 4
6935 4 1
602 3 3
8953 3 2
489 2 3
293 5 1
9497 3 4
1349 5 1
8719 2 4
8183 3 5
4592 5 1
4273 4 2
5821 5 5
4468 5 5
3249 1 3
9604 1 2
8376 3 3
8843 2 4
116 1 2
4064 3 5
9044 3 2
4810 4 3
7037 5 4
2654 4 3
1827 3 1
9534 4 2
6858 2 3
490 2 1
8828 3 4
9456 5 2
2543 3 2
8516 4 5
4197 2 5
1995 2 5
79 5 3
1909 1 4
3043 2 2
6386 2 5
5965 4 3
7673 5 2
4346 2 3
4210 4 4
3487 1 2
7958 5 4
5700 3 3
7038 3 5
5060 5 2
9774 3 4
4521 1 3
6691 4 2
9098 3 5
2745 4 3
3056 4 4
9736 3 3
701 5 3
3852 4 1
1945 2 5
9122 3 2
2396 1 5
7680 3 1
9569 3 2
6259 4 5
6023 5 3
5259 4 5
3518 2 5
9580 3 2
8039 2 3
1271 4 5
6419 1 3
211 2 2
7068 4 2
4899 1 5
1183 5 5
1309 1 4
5739 4 1
3630 1 2
7146 5 3
3158 2 1
9153 4 5
2236 1 3
3942 3 1
1460 4 2
3577 2 2
565 3 2
7611 4 1
8412 4 1
256 3 3
5629 5 4
3934 2 4
5296 1 2
4494 3 3
4189 4 4
3364 2 3
7436 3 1
5480 5 1
4011 3 5
3227 3 2
9715 3 3
7579 1 5
3770 3 1
7398 5 3
379 2 3
5095 1 4
9066 4 4
3962 1 2
3551 5 2
8715 3 4
8923 4 5
4371 2 5
9345 5 1
4187 4 1
5678 2 4
4266 4 3
8942 1 1
6039 1 1
7747 4 1
2680 2 3
9253 5 2
5057 1 2
4581 5 2
9249 2 4
7166 1 5
5717 2 4
4583 1 3
9856 4 1
90 2 5
5948 1 2
5679 1 3
2043 4 1
524 1 5
844 4 1
5643 3 5
5717 5 2
8459 3 2
5784 5 2
73 4 5
6564 5 1
4441 3 5
2245 4 5
7725 2 4
1623 3 3
5191 4 1
3862 1 2
9605 5 2
5387 2 2
2375 4 3
2294 4 2
6199 2 3
959 5 5
3652 5 5
4438 2 5
5448 5 1
5526 1 4
3751 3 1
9273 3 5
8949 4 5
5914 5 4
1007 2 5
1921 1 1
7364 4 1
3074 2 3
495 2 1
768 2 4
979 2 1
2586 2 1
1718 5 1
6420 4 4
3370 5 5
7727 2 4
4377 1 2
9200 2 5
1014 5 3
3806 1 5
7378 2 5
2116 4 1
4034 1 5
902 3 4
7717 5 1
4078 1 4
6644 3 3
4184 3 1
2458 4 3
346 5 2
4412 4 3
2329 3 2
279 4 2
4790 2 4
2100 2 4
6515 1 1
3752 3 3
3937 5 5
4044 4 4
134 4 2
6366 1 2
8115 1 1
3165 1 1
3146 1 3
9054 1 5
2775 4 1
431 1 1
8893 5 1
2546 4 1
5519 5 1
9328 4 1
6514 3 5
5087 1 2
1892 2 2
3531 1 2
718 1 2
4857 5 3
8186 2 5
1699 3 2
5027 4 5
6343 1 4
9070 4 1
8214 4 4
97 3 5
92 1 2
5337 1 3
6949 5 4
3074 5 5
4517 2 3
4310 1 5
1672 5 3
261 4 5
8933 2 1
9207 5 4
4076 1 3
9046 4 1
1030 5 2
4025 4 3
1191 4 4
3353 4 5
7470 5 4
5797 5 5
3926 1 2
5678 3 2
5968 4 1
1515 4 5
3942 3 4
6917 1 2
5444 3 1
9083 5 1
1867 1 5
3109 5 2
8894 2 5
9662 5 3
1618 4 2
1631 5 2
6434 2 5
3443 4 1
2801 2 1
8647 2 2
5408 3 5
3103 4 1
2029 4 4
6209 5 1
3530 3 1
5504 3 1
4983 5 3
6883 2 4
2142 5 3
4571 2 2
657 2 1
3965 4 4
8600 1 5
1328 5 3
4896 4 2
9569 5 4
4704 5 5
5001 1 4
1255 3 1
9713 1 4
9557 4 3
6812 4 5
3755 1 5
3183 3 3
1837 3 5
2893 1 1
4592 1 2
9093 2 3
1613 5 1
5414 5 2
3407 5 4
5196 2 1
9581 4 1
6375 2 1
5494 4 5
4962 4 2
8504 2 5
4073 3 4
9562 4 4
8048 2 4
7857 2 1
2199 1 1
107 5 5
8798 5 5
8870 3 1
2807 2 2
7971 2 5
266 1 5
6317 4 3
9895 2 1
8450 1 1
1579 2 2
2360 1 4
5591 4 2
7565 1 5
9660 1 2
4970 3 4
4364 5 4
5724 1 2
7240 4 3
894 1 5
2219 3 5
1726 2 4
4575 1 3
4199 5 4
7969 2 4
8186 1 4
3940 5 1
7858 1 1
6579 5 5
4423 2 3
1777 5 4
5096 5 5
6967 4 4
8356 4 3
274 3 1
926 2 5
5606 2 1
9726 1 3
2234 5 3
1904 1 3
9355 3 4
8099 2 3
7247 3 4
7376 3 2
4248 4 5
9462 1 5
6601 1 4
9093 1 5
9612 1 5
8935 5 2
5332 4 3
8318 3 1
9934 5 3
4821 4 1
3826 3 3
6030 2 3
6351 3 3
2792 4 3
6540 4 4
1201 5 1
1458 3 2
2179 1 2
7963 3 5
1814 4 4
4852 4 3
3722 2 5
5608 3 5
754 3 3
9446 3 1
7513 2 4
6718 3 2
3106 2 1
1162 3 1
919 1 2
5897 3 3
2066 3 5
7951 2 4
7829 4 5
7433 3 5
7449 3 3
9413 2 5
7306 4 1
9305 3 1
3559 1 4
4239 3 3
6738 1 1
4954 4 1
6399 4 5
4489 2 4
1327 1 4
7018 5 1
261 2 2
2993 2 1
9609 4 3
8130 4 5
4981 3 2
6077 2 3
4146 2 2
4210 4 1
7440 3 4
2555 2 1
8419 1 4
9962 3 2
8651 2 5
2044 1 3
9459 4 3
7486 5 2
644 2 1
38 2 5
2229 2 5
5391 1 4
1370 3 2
9 1 5
3205 3 5
2412 5 4
1146 4 4
9898 4 2
6039 5 2
9598 5 2
8137 4 5
2069 3 1
3040 2 1
9580 2 5
3407 4 4
7710 4 4
6773 5 3
344 5 2
8427 5 2
5405 2 4
702 5 1
7 5 3
7780 2 3
5593 4 3
1283 3 4
6589 2 5
212 2 5
3815 2 1
3364 5 2
5565 4 3
5415 2 4
9345 3 3
8649 4 2
3446 5 5
2408 3 2
3375 2 5
3555 3 3
7613 1 2
1568 3 4
6298 2 2
545 5 4
5284 3 3
3104 1 2
8084 1 4
9073 1 1
7940 1 2
7474 2 5
167 5 2
3334 2 2
9796 5 2
9921 3 4
4027 5 4
3314 4 2
4427 2 4
5116 4 2
2107 5 4
8081 5 1
4470 1 4
9991 3 5
4080 2 5
4850 3 2
664 2 2
2090 4 5
5706 4 2
5244 5 4
6121 5 4
4180 3 5
7161 1 4
8085 4 2
9042 2 2
9705 1 4
625 1 4
7127 2 3
5998 1 3
4763 3 4
9481 1 4
6408 4 5
2061 4 5
4995 4 3
8664 2 5
3967 3 5
6446 4 2
1612 5 1
9322 2 4
1297 2 2
3287 1 3
94 3 1
9028 1 3
8500 4 2
4937 5 2
2378 3 2
8263 4 5
7539 2 4
8210 1 1
8371 3 1
4143 3 4
5625 3 1
3064 5 5
4431 5 2
5325 4 3
7809 1 2
8046 5 3
4719 1 5
3185 5 1
8202 4 2
9312 4 1
9869 1 3
5939 4 4
3138 4 1
2802 3 4
2884 1 2
5383 3 2
7574 2 1
8367 2 1
9609 2 4
9236 3 4
1256 2 2
7222 3 2
9922 4 2
5595 4 2
6823 2 1
9566 2 5
3093 1 1
935 4 3
7277 1 2
4081 2 3
7921 5 1
7281 3 2
9176 4 4
1827 2 1
1222 3 1
4223 4 1
360 2 4
9194 4 5
7690 5 2
3630 4 4
4689 5 5
433 1 4
4607 5 3
5578 5 2
1051 3 4
338 2 5
2824 2 2
9360 3 5
1764 3 3
1206 3 5
2619 3 2
4187 4 3
3835 3 3
4476 3 3
586 5 2
7412 4 1
7062 4 2
5006 4 4
897 2 2
2472 5 5
6894 4 3
7506 5 1
1725 1 4
9523 3 1
6412 2 1
5593 1 3
5328 3 5
4208 4 4
4516 5 4
8910 3 1
3425 3 5
885 3 2
1988 5 2
7045 1 1
5539 5 2
5867 4 5
3628 1 2
6406 1 3
4907 1 4
9276 2 1
8386 4 5
1091 1 3
1868 5 1
5048 5 4
7583 1 2
5634 3 1
6044 2 5
5845 4 3
3751 4 1
7055 2 2
5937 1 2
5336 5 2
1311 5 2
9646 5 5
1585 3 5
2258 5 1
6822 1 1
3956 2 4
405 1 4
5467 5 4
6372 1 5
5514 1 5
7193 5 3
3330 5 5
5175 2 2
3771 4 4
6880 1 1
239 4 2
512 5 5
8521 4 3
8816 4 2
2309 1 3
1290 3 2
7442 1 1
9705 2 1
3736 3 3
5616 4 5
3382 4 3
2925 3 4
3336 1 3
130 2 1
9564 1 4
9262 2 1
1018 3 1
9565 5 1
2582 5 3
8326 5 5
2226 4 2
1413 1 3
5823 3 3
9201 2 5
2246 1 5
9600 5 5
4911 3 4
8172 2 3
361 2 4
7198 5 3
9442 3 2
5119 1 3
4998 3 1
536 4 4
1292 2 5
3233 5 3
8746 5 4
2596 2 1
1301 2 2
8454 4 1
7484 1 3
9866 1 3
5023 1 2
6305 1 4
7114 1 1
9767 1 1
8527 4 3
4287 2 4
2892 3 5
8087 3 1
8702 4 2
5494 3 3
8564 2 1
928 3 1
3822 2 1
9561 1 4
8755 1 5
7756 3 4
7675 2 1
7506 3 1
5413 5 3
2030 3 1
2033 2 4
2187 5 3
5107 1 1
8838 2 4
3261 3 2
2131 4 4
3494 1 5
9379 5 5
1184 1 1
5085 2 2
4536 1 3
2765 1 3
8061 5 4
5764 2 2
1479 5 5
3586 2 5
1093 2 1
6707 2 5
3759 4 1
9383 4 4
8333 5 2
9162 3 4
6917 3 2
573 2 1
9811 1 1
5607 4 2
6242 2 3
2497 5 2
2955 5 5
4128 3 1
2626 2 3
8114 3 3
465 4 1
746 4 4
3773 4 5
8728 4 4
866 1 2
6922 1 4
4316 5 2
1122 4 5
9555 3 2
9454 5 5
1069 3 5
782 5 1
8472 1 4
2481 3 3
3963 5 3
2874 3 5
4303 1 2
8855 4 5
1621 3 2
2614 4 1
2785 1 5
8648 5 5
2074 1 3
1716 4 4
3605 5 1
6443 4 3
3308 4 2
9875 4 5
2480 4 2
4628 3 3
955 5 5
6801 4 4
9393 2 5
1715 4 5
3068 2 1
1151 1 4
9510 3 3
4246 1 2
5042 5 1
4052 1 5
8960 5 2
914 4 2
8429 2 3
9043 3 3
5241 4 3
3315 1 4
7882 3 5
6616 3 5
1919 2 1
3064 2 3
5280 3 3
3748 5 3
5301 2 4
7531 2 4
1399 3 2
8287 1 2
7123 2 5
8892 1 3
6633 2 5
547 1 4
3311 3 2
9355 5 4
4461 4 1
9158 3 5
302 3 2
8196 4 3
2045 2 4
4297 4 1
5932 5 3
7836 3 1
3932 2 3
765 3 1
7402 3 4
2004 4 5
1130 4 1
3686 2 4
4113 4 2
1652 3 1
8325 3 2
6546 1 5
2645 5 1
8596 1 2
5976 2 3
1303 4 4
7832 2 3
3809 5 5
2724 4 3
7611 4 3
1845 5 5
5332 3 4
6650 2 1
8406 2 4
4629 2 4
5260 4 5
2844 2 5
8404 2 2
943 2 5
8351 1 4
2094 1 5
8584 3 4
7164 5 5
6083 5 5
1882 5 1
5815 2 5
4122 4 4
5108 2 3
511 2 3
9716 1 5
2091 3 4
5434 2 5
3086 2 4
978 5 2
9938 2 4
9730 3 1
8466 4 5
6396 4 1
9526 5 5
9636 5 5
6097 4 4
8286 5 5
1400 3 2
4993 2 5
9185 4 4
9231 2 3
6838 2 3
865 4 4
6905 3 4
6300 2 4
5569 2 5
222 3 3
8136 1 4
8975 1 4
7817 5 4
7293 5 4
6380 3 2
7102 4 3
697 4 4
8723 3 5
1676 2 4
9940 1 4
5034 3 4
6313 3 1
190 5 4
3986 3 4
8628 3 1
4603 5 3
109 1 4
9069 2 5
1843 3 5
1598 3 4
3816 4 5
2543 3 2
2450 3 1
4446 5 5
1928 2 1
4221 2 2
2051 2 5
5189 1 4
5610 5 5
8374 2 4
2700 5 1
5895 1 2
366 5 1
4337 2 2
5450 1 2
815 5 2
216 4 4
5013 2 4
2188 2 3
5643 2 3
3299 2 3
6488 1 1
6445 1 1
35 5 5
717 2 3
7598 2 1
1814 1 4
7186 5 3
4722 2 1
1780 2 3
793 5 3
2380 3 3
9244 3 3
3090 3 1
6697 4 3
6672 2 5
5019 3 1
2700 2 4
8902 1 5
8594 4 1
4763 1 5
1297 4 3
7594 4 1
8423 4 1
3078 4 4
2286 5 2
1479 4 2
416 1 5
4297 2 1
4862 1 4
1658 3 4
4083 3 5
4888 1 4
7128 5 1
9737 1 5
6178 1 1
6834 4 2
2966 5 5
8161 1 2
6013 4 2
1867 4 2
3071 4 5
9879 1 1
7390 1 1
8193 4 5
5834 4 5
5840 3 3
1537 5 1
6337 5 5
5818 1 1
5947 2 1
3632 5 1
2790 1 1
355 4 4
4196 2 4
1490 3 2
6908 1 3
8198 3 4
9232 1 4
1205 1 3
5540 5 3
8937 1 3
430 3 4
6499 1 4
8123 3 3
5816 3 2
1163 1 3
4346 5 5
9129 1 1
2182 1 4
4574 3 2
8318 5 5
4949 1 5
8087 1 1
6833 5 2
7812 3 5
8259 3 1
9913 2 2
4832 1 5
6953 4 5
4451 5 4
7957 4 2
410 5 5
2285 5 2
1081 1 3
9743 2 3
1994 4 2
1909 2 5
271 2 4
7280 5 2
5859 4 2
7007 3 3
5310 1 3
4413 3 2
3271 5 3
8160 1 2
5496 2 5
488 1 4
6255 5 5
6090 3 5
8393 5 5
9612 4 2
4336 2 4
3111 2 4
3917 2 5
4665 4 2
6572 4 2
1794 5 2
793 2 5
6871 1 1
1478 5 5
798 4 2
4708 2 5
4125 3 2
2800 2 1
2828 3 2
9966 3 1
4639 2 4
1540 2 2
5816 3 5
9053 3 2
4750 1 4
7627 3 5
881 5 2
7441 5 1
9111 2 4
1911 2 3
764 1 5
1396 4 5
4795 5 2
9669 4 1
3245 3 5
2559 5 1
1060 2 1
3401 2 4
2350 4 1
1448 1 1
4579 2 2
8326 1 5
6547 5 5
6407 4 4
6543 4 4
316 5 4
2091 5 1
5236 4 1
9451 4 5
5605 4 3
9714 3 4
701 5 4
3568 1 5
2053 2 2
5236 1 1
4735 2 1
8334 4 4
3240 5 4
2534 4 5
3104 2 3
7588 5 3
4329 1 5
7114 5 1
896 1 4
8512 2 4
4931 1 1
1331 4 1
6287 2 5
1264 4 3
3884 3 2
7471 1 5
5908 5 3
686 1 3
2792 1 1
8538 2 4
9885 4 5
6758 4 1
1742 4 2
2934 2 2
5322 5 1
3980 1 1
9492 4 3
2654 5 5
3097 4 3
9038 1 4
2350 3 2
5239 4 1
2594 4 5
7648 4 2
3347 4 2
6787 5 1
5380 1 5
1514 3 2
8277 4 1
5815 5 2
7706 1 5
9672 4 1
7312 4 2
8080 1 1
4661 5 1
319 4 2
7999 2 2
8884 1 5
6251 1 1
4362 1 2
905 3 4
2538 4 3
8511 2 4
3391 1 2
9983 1 2
104 2 5
7828 5 4
9287 3 3
4093 3 4
4038 3 5
9316 5 1
2729 1 5
9317 5 3
8112 3 1
4471 2 2
6750 3 1
2023 5 2
9482 3 2
326 2 1
1405 1 3
9235 1 1
1637 1 2
5481 2 4
7986 3 1
8970 5 2
3854 5 2
343 2 1
56 3 4
3839 3 1
1532 2 4
2999 5 4
3147 4 2
4421 4 5
5011 4 1
7617 1 3
918 2 2
1669 4 3
8717 1 5
8664 5 1
292 5 4
4765 2 2
663 5 2
4165 3 1
8251 3 1
7855 5 4
6199 1 2
8156 2 3
8502 5 5
398 5 3
4287 5 1
7637 5 5
208 1 4
4277 2 4
9460 4 4
1740 1 4
292 4 2
2668 1 2
336 2 5
9912 4 1
588 5 4
82 2 5
4864 5 2
4053 2 5
326 3 4
3185 1 3
923 3 1
1238 2 1
9946 2 1
8917 1 2
7722 4 2
953 3 4
625 5 5
2397 5 1
7658 2 3
2714 2 3
5888 1 2
1189 5 5
3166 2 5
3860 3 5
6259 3 1
3603 4 5
1311 4 1
8124 1 1
2044 4 3
4142 5 1
5973 2 3
110 3 5
7344 5 2
7056 2 5
1947 5 1
7408 5 1
2489 3 1
5393 1 2
8333 5 5
9608 5 3
5245 1 1
4448 5 3
5376 5 3
2333 3 1
5901 5 3
8222 5 5
9815 3 4
866 4 3
5372 3 1
5827 4 4
4375 2 2
65 5 1
5639 1 4
3893 5 2
2773 2 2
8860 4 4
6850 4 3
7902 1 1
3454 4 1
9456 4 2
1728 1 1
9048 3 1
2768 2 1
4016 1 3
7539 1 2
4776 4 2
6493 4 1
2357 3 3
6613 5 2
4709 3 3
1884 4 3
6179 5 1
5268 4 1
9440 2 5
7480 3 5
4997 2 3
3005 3 4
7725 2 4
3958 1 2
3188 5 4
3031 5 3
4477 5 4
46 2 3
2305 4 1
9911 2 3
2115 1 3
5786 4 4
3291 4 3
9489 1 3
5135 5 4
5542 4 5
1487 3 5
8634 4 3
8540 2 1
4345 1 5
8299 1 5
8445 2 5
8884 1 4
8990 2 4
9686 2 5
2256 1 3
6221 3 4
7890 5 3
109 5 4
9350 5 5
1704 2 5
8924 1 2
7732 5 4
3160 5 1
6257 4 2
689 4 2
6142 2 5
2377 2 1
8581 4 5
2825 5 1
3165 2 5
5197 1 2
7161 3 1
4907 1 2
5252 1 3
648 2 1
7727 1 2
1449 3 1
7923 3 5
6121 1 5
5234 3 1
395 5 2
7624 1 5
241 4 1
5213 3 2
4780 1 3
3755 2 4
6329 2 4
3000 1 5
9018 1 2
8004 4 2
5205 1 5
9216 2 1
5507 1 4
5703 2 4
4783 3 3
6133 5 2
8120 3 2
7245 5 4
3304 1 2
6767 2 1
9865 1 4
8500 3 3
107 4 2
8547 1 4
8888 3 1
9185 4 5
2388 2 3
5239 2 5
2144 2 3
6161 1 2
8122 3 3
6332 1 3
8311 3 5
8762 4 1
7969 3 4
8934 4 1
148 5 5
2285 5 5
1917 5 5
1302 3 5
3722 1 5
1139 5 1
6627 3 5
2824 3 4
8623 4 2
927 2 4
9530 2 2
988 2 1
6276 2 4
8567 2 2
7850 5 4
8570 3 2
269 4 1
5205 1 4
9115 4 4
9634 1 3
8413 1 5
8008 5 1
5090 1 4
1260 3 5
8967 3 3
349 2 2
4428 4 5
2492 4 5
8481 1 2
8902 3 4
2082 5 5
5388 4 3
8972 2 5
2729 2 5
3874 3 2
363 5 3
7310 5 4
3445 1 3
2864 3 4
2035 3 5
4350 5 5
5423 2 5
9735 2 1
8675 4 4
921 5 2
979 2 5
5878 4 1
6533 2 3
5643 4 3
625 4 2
5144 1 1
5862 5 4
7698 4 2
6111 3 2
6104 5 3
4073 3 3
4129 4 1
9787 4 4
303 2 1
7114 1 4
5231 3 3
6130 2 3
3610 4 4
2332 2 1
9237 3 5
1268 4 5
426 4 3
8747 5 3
5598 5 3
9630 1 2
917 4 5
2700 5 4
344 2 1
8159 5 5
1572 1 1
1887 2 2
3745 3 5
9157 1 4
7174 5 3
3016 3 4
8468 5 2
7546 1 4
4739 2 4
3490 2 1
7559 3 2
1749 2 4
5248 4 2
5767 1 3
946 3 5
2798 2 1
1044 2 1
4909 2 2
873 5 2
1583 3 3
1763 5 2
4802 1 1
925 3 4
4944 1 5
6583 3 1
7439 3 4
7600 5 5
3837 5 1
2488 4 5
9467 4 5
6736 1 4
5914 4 1
5281 5 5
7437 3 3
330 1 2
2361 5 5
137 4 5
6526 3 1
3917 5 2
384 1 1
1315 2 1
1964 4 3
4324 3 5
7104 3 4
2959 1 3
2829 4 3
7875 1 4
3821 4 2
4355 4 4
9577 1 1
1033 4 2
4454 4 5
3712 2 2
3470 2 5
1823 3 2
2747 5 4
5650 4 3
4957 2 5
2674 5 4
5989 4 1
7295 5 2
284 3 1
7013 2 1
8460 5 5
2162 1 2
9450 4 3
2970 3 3
7788 1 4
5505 2 3
9850 5 1
6418 1 1
5351 4 1
9083 5 1
3769 3 5
703 4 2
1582 4 4
4743 5 1
896 1 5
4323 5 4
6603 5 1
4540 1 2
770 3 4
3410 2 5
819 4 2
8187 3 2
8119 2 3
9811 2 3
3209 1 1
423 3 5
5440 4 4
5561 3 4
3356 4 3
1474 1 1
8828 4 3
889 2 2
1093 3 3
8334 1 1
6255 4 1
4631 1 3
7365 4 4
6487 1 2
3767 4 5
2501 1 3
1766 4 4
5213 2 5
3275 4 4
9962 3 3
1728 1 3
3654 5 1
5141 2 5
3863 5 4
3575 4 2
4706 5 2
3748 5 4
4636 5 2
8291 5 5
1260 5 4
4036 4 5
6755 1 1
2415 5 3
4891 1 2
4224 1 1
4096 1 1
7789 1 1
5701 4 5
3806 2 2
499 3 4
7226 2 4
7269 5 3
1901 1 2
1836 1 1
8382 2 5
8413 5 2
8200 1 2
9307 4 3
4040 5 1
8629 2 3
4908 2 2
9828 1 5
4092 5 5
9449 5 5
3122 1 3
2198 5 5
6164 2 4
3466 1 2
300 2 3
9438 4 5
3177 1 4
8808 3 3
7054 1 4
4025 5 3
8047 1 1
6372 4 4
5667 5 4
7660 5 1
7695 5 1
6834 4 1
280 5 1
8117 1 4
9288 4 3
3231 2 2
2343 4 2
2860 1 5
2046 1 1
1117 3 4
8248 5 4
4371 4 5
7382 4 4
622 2 1
2800 2 5
9614 5 4
4887 5 1
419 1 3
9629 1 2
1209 1 1
6972 2 5
7976 4 3
9431 2 2
431 1 5
7655 4 5
2784 2 1
5031 3 5
8359 1 5
7521 2 2
8291 1 5
2615 4 1
7137 1 1
4959 3 1
5707 1 1
3562 4 3
1764 5 5
8838 1 4
174 3 5
2147 1 5
5970 1 4
8901 5 2
8205 4 5
3344 3 1
5968 4 4
5196 2 5
387 2 4
4193 4 5
5076 5 5
8923 2 4
7867 3 5
8164 3 2
5014 1 5
6847 5 1
166 4 1
4130 4 5
6294 2 1
4049 3 2
2297 3 4
7799 5 2
6476 2 4
2473 4 1
3981 3 4
1291 2 1
9281 2 4
6798 1 1
3236 5 4
6114 5 2
7540 3 4
7020 5 3
6269 4 2
4215 2 1
8709 4 2
8074 2 1
7597 4 5
6583 5 2
3069 5 2
3901 2 1
4462 3 1
5137 1 2
5859 1 4
9935 4 4
2011 2 4
296 3 2
2898 4 1
5742 2 3
1304 3 5
4392 5 1
3768 2 1
7448 3 3
1236 4 3
2939 2 3
1558 3 5
6591 3 4
1084 5 5
4422 4 1
6899 3 5
7591 5 2
5706 4 3
3737 3 5
7677 5 3
6401 1 1
6014 5 3
6094 2 2
7985 5 5
5529 5 2
8189 5 2
6754 1 1
1702 2 4
4845 2 2
3373 4 2
8406 5 3
2834 4 1
3155 5 4
3213 2 1
4716 2 3
8098 3 2
3195 5 4
1440 4 3
4688 2 2
3596 3 3
855 1 3
3966 3 3
2036 3 5
1903 2 2
8606 4 4
5732 1 5
4916 5 5
4723 3 2
7701 1 5
7500 3 4
884 3 4
5341 3 1
4870 3 3
8223 3 5
7713 2 1
3032 3 5
137 3 5
197 3 4
3972 5 5
5783 2 2
9208 5 5
9325 1 1
8271 4 2
1460 5 2
4150 3 2
543 1 2
705 3 3
2042 4 3
2768 1 4
2972 2 2
2300 4 4
5463 4 2
2828 5 5
2558 2 4
1019 5 1
142 5 5
9387 2 3
1954 2 3
7987 3 4
4234 2 4
2478 2 5
8570 4 3
1594 5 5
5971 4 5
6296 3 4
9593 5 1
2282 2 1
8929 2 4
1018 1 1
5104 4 4
2985 5 1
5740 1 3
4771 3 2
6397 1 4
4779 2 2
2288 5 5
5097 5 5
2142 2 5
3790 4 3
3239 1 3
3260 5 4
1087 2 5
2880 5 5
7176 1 1
6473 5 4
6625 5 2
2807 4 1
513 5 4
8590 5 1
6819 4 1
9482 1 1
7356 1 2
51 2 4
4494 2 4
9603 2 2
573 1 1
6436 2 5
4270 1 2
5101 4 4
5669 2 5
1344 3 4
234 1 4
3844 2 2
5257 1 5
7439 4 2
6679 4 4
9719 1 3
3471 4 5
4695 5 3
8391 5 4
53 5 4
8576 2 5
776 1 1
5865 3 3
1365 2 1
6733 5 4
2265 5 5
8076 2 4
1942 4 3
5883 3 3
8690 1 1
1986 3 5
6182 2 3
7626 1 5
5979 1 1
914 1 3
2896 5 4
8571 5 5
8368 1 3
1080 2 1
5204 3 4
5294 1 5
1442 5 2
846 2 2
4997 1 1
8703 5 2
3076 4 1
5726 2 5
1806 5 4
6091 5 3
4661 1 3
8567 5 4
8590 3 1
7903 4 4
3453 3 5
5705 5 2
7089 1 3
7011 3 2
2636 2 3
2149 5 5
3589 2 3
5125 3 2
4074 1 4
7307 2 5
6687 5 5
910 4 1
1876 3 5
455 5 1
9420 3 2
1582 2 5
5506 3 5
2225 1 5
4013 1 2
4467 5 1
770 2 4
3022 5 4
9327 1 2
812 2 4
9188 3 2
2291 2 1
33 1 5
4558 1 5
1950 2 4
8816 3 5
5752 2 2
5094 2 4
6321 5 4
9529 5 2
8197 3 3
2905 4 5
4254 3 1
734 3 2
3024 4 3
8194 5 2
4266 3 3
4293 1 2
3992 1 2
2249 1 1
2219 4 1
483 3 4
6715 5 3
992 4 2
3725 4 5
7735 2 2
1481 5 2
888 1 2
6403 1 4
823 4 2
5011 2 1
2276 1 2
6416 4 3
7683 4 3
1728 5 2
5808 2 3
4126 5 2
8084 2 1
4416 5 1
4920 1 4
7951 3 1
8722 1 4
8683 1 1
4700 1 4
635 3 2
6997 5 4
7551 4 3
6935 2 1
7747 1 4
74 3 2
1722 2 1
3043 4 3
7792 3 3
911 2 4
9278 4 3
3957 1 4
360 3 1
5540 2 3
482 3 5
6687 2 5
4149 5 1
8194 2 2
6292 4 5
8448 4 5
5284 1 5
1813 4 4
6790 2 1
522 5 2
6312 5 4
7732 1 4
3310 1 4
6930 3 1
1085 3 1
2138 3 5
2584 3 5
3071 4 4
6008 5 3
1310 1 3
3494 1 5
4258 3 4
3509 5 1
1996 2 5
2893 1 3
5121 4 2
3985 5 5
5173 1 4
7308 3 3
7748 2 5
285 4 4
3829 4 5
5510 1 5
3302 3 1
4367 4 2
271 4 5
1389 2 3
4255 5 3
159 5 3
2406 3 1
1966 4 5
3067 3 4
9447 5 4
2672 5 2
8484 4 4
3622 4 2
3310 3 3
8645 3 2
4787 3 4
5176 2 5
3712 1 2
6465 5 1
598 1 3
6405 2 2
3007 5 1
435 1 1
8894 5 5
5978 2 4
5536 1 2
3753 4 4
6378 4 5
3417 2 2
4144 3 4
3061 3 2
1655 2 2
3476 3 4
8545 4 4
4681 1 2
5674 1 3
3774 5 1
6580 5 4
6702 4 5
8012 2 1
6897 3 3
6579 4 1
5066 4 5
6344 4 3
3550 3 2
1697 3 4
475 5 1
7946 1 2
8745 2 3
9632 4 5
5741 4 1
6801 1 3
3582 5 3
306 2 1
1831 2 3
3711 4 2
5244 5 3
3571 1 3
1434 1 2
894 3 4
9271 4 2
2629 5 4
7780 1 5
7176 4 4
1213 5 1
9810 3 5
6898 1 1
4838 1 4
870 5 1
8195 1 2
2642 4 2
9049 3 2
6142 4 3
3044 3 3
7190 2 4
4413 3 1
833 2 5
8503 1 2
7312 5 4
7034 3 4
404 5 3
2411 5 1
2345 2 2
5754 3 1
4623 2 2
7326 4 1
7366 2 1
7181 3 4
2227 4 2
3202 2 5
6781 5 1
506 3 1
2625 3 5
8456 5 2
3467 5 2
9880 2 4
6584 4 1
778 4 4
7153 5 2
8442 4 1
5867 2 4
3139 4 3
8049 1 4
4332 5 4
40 2 3
5239 3 4
5213 1 1
8023 1 1
6865 2 3
1726 4 1
9143 3 5
747 4 5
5969 4 4
5507 4 5
8880 1 3
4316 2 5
342 5 5
5130 4 1
4070 3 4
8218 3 5
677 2 5
1557 3 4
1941 1 3
9923 4 2
8389 1 3
4156 1 5
5228 2 2
4999 2 5
8823 3 1
2302 3 3
4400 1 3
8572 1 2
1419 3 2
6183 2 5
7675 3 1
8709 1 5
1831 3 4
8759 4 5
53 4 1
2670 3 5
4870 1 4
2575 5 4
6216 1 1
6971 1 4
5514 4 1
7736 4 2
4339 4 3
5212 1 5
9873 3 3
8021 5 2
2499 4 1
7688 5 5
4003 2 5
3700 2 3
5143 1 2
3198 1 2
3163 3 3
6704 1 4
9036 4 3
857 4 2
6902 2 4
5025 4 4
9485 5 3
734 3 1
960 1 2
7124 2 3
8104 1 5
83 2 3
7043 2 4
6591 5 2
1195 3 5
2344 3 3
9763 1 4
4475 4 3
3036 4 4
3921 5 2
5364 1 1
2605 3 2
8620 3 5
9755 5 1
2509 2 2
2118 1 4
5603 1 1
7271 1 1
3558 5 3
890 2 2
385 2 2
7556 3 5
737 1 3
2884 2 5
9235 5 1
3097 5 3
6236 3 2
406 3 2
1558 2 4
8963 4 2
4033 2 2
1369 3 2
8055 2 5
5165 4 4
3672 3 2
8843 4 3
6366 3 4
6151 1 1
2160 5 3
1515 4 4
8840 3 3
6011 3 2
2451 4 3
232 3 5
9885 2 3
879 1 4
3281 4 5
2581 3 4
8505 2 4
8072 3 3
8985 1 1
1995 2 4
8565 3 5
3714 3 5
6856 2 3
3106 3 1
9047 5 4
3067 3 5
1787 1 3
7870 4 1
3680 5 1
3612 3 2
1504 2 5
2348 4 3
3394 5 1
5363 4 1
8525 3 2
1729 2 1
9375 1 4
7198 4 4
496 1 5
6362 5 5
3194 4 1
1069 3 4
1533 2 2
1452 5 2
729 4 2
3160 1 1
2381 3 3
7206 2 4
9432 2 4
5183 4 1
4020 4 5
8839 1 2
9482 3 2
3868 4 5
1575 2 3
701 5 5
5385 5 1
9841 1 1
8572 2 5
5596 3 1
4170 1 3
2240 5 4
2892 4 5
2978 5 4
6693 3 1
4177 4 2
3437 4 5
397 4 2
855 2 4
3955 2 2
6359 4 4
8310 4 2
8756 1 4
8986 1 3
8905 4 5
4719 2 4
3764 1 3
4171 4 3
3313 1 3
9082 4 1
6261 5 3
3035 1 4
1062 4 1
7311 2 4
6161 3 1
2369 1 3
7219 5 1
6665 3 1
5272 3 2
4950 4 1
5033 4 5
8839 4 5
7558 2 2
4868 4 1
5071 5 5
8125 4 1
7174 4 1
8846 4 2
5206 3 1
6523 3 1
5222 1 2
5087 4 3
7185 3 1
4083 1 5
8625 4 4
4826 2 3
4488 2 2
9190 2 5
3208 4 1
3382 4 4
7275 4 3
8432 4 4
7820 2 5
507 3 4
6354 2 5
503 2 5
2445 3 4
1574 2 5
1103 5 4
5140 1 3
9067 1 5
656 4 1
5104 3 5
9603 3 2
925 4 3
9195 4 5
5184 2 3
6535 1 4
2039 2 4
53 2 4
3695 4 4
152 5 4
5844 1 3
9786 4 5
5717 3 4
1711 3 1
6565 2 4
2724 5 4
8410 4 3
6911 1 4
8352 3 4
3128 3 4
585 2 3
3419 4 2
315 2 1
5724 4 5
1901 2 1
4297 5 1
33 4 3
6815 1 2
3382 4 1
651 2 2
1324 5 3
520 4 3
6491 4 4
7219 5 4
8417 3 4
3048 3 5
4112 1 1
9496 3 4
7812 1 2
9700 3 1
2932 1 4
4801 5 4
1148 3 1
9147 5 2
5999 5 2
2573 4 5
4996 1 2
4124 1 4
6181 2 5
7445 2 4
7711 5 3
9053 4 3
432 2 5
204 1 4
4590 5 1
1351 5 3
6991 3 5
874 4 5
9774 2 2
6160 1 4
4492 2 1
4945 5 5
6972 4 5
6583 5 1
7312 2 3
8034 5 1
3762 1 1
9304 3 2
4700 5 1
5880 1 3
7283 3 5
7268 4 5
2093 5 2
7643 3 1
6476 1 3
1147 2 5
6254 1 2
3444 1 4
5795 2 3
507 3 2
3373 4 2
6432 3 5
1757 2 1
3311 5 3
8404 1 2
7488 3 2
1713 3 4
8775 2 5
474 3 3
6571 4 4
5411 4 5
6721 4 5
3428 2 1
68 2 2
5028 4 1
8781 5 1
4031 2 1
302 2 3
5728 1 5
5273 5 5
17 3 2
7481 2 1
5840 2 5
3495 4 5
4407 1 2
5453 5 4
3122 5 4
8676 3 4
6678 5 3
4381 4 2
8337 3 3
4646 1 3
5900 5 1
5990 5 1
7546 2 4
983 5 4
1456 4 4
8943 5 2
7054 1 4
2332 4 1
4607 1 2
4999 2 3
3679 3 2
6093 3 1
195 2 2
2958 5 5
2904 5 5
6890 2 2
7122 1 2
9476 4 1
4472 1 4
694 4 5
8002 2 2
7632 2 2
4440 5 1
4815 5 3
7830 2 1
3784 5 2
5191 3 1
5361 3 1
3600 5 3
9883 1 3
4013 1 2
5126 4 3
8901 3 2
7429 3 2
9247 4 5
2807 3 4
9425 5 4
4009 4 3
1359 1 4
3764 2 1
5243 4 5
4928 3 3
6445 4 3
9847 1 3
5990 4 3
8503 4 2
9023 1 5
7584 1 3
4247 5 1
2972 1 3
7069 2 2
8025 2 3
980 4 3
3793 5 2
3926 4 2
6628 1 2
8419 3 5
8592 2 1
4376 5 2
5165 5 3
1507 4 1
9734 1 3
8630 3 3
4591 5 1
5187 4 2
7964 2 4
2463 1 4
6507 2 3
3518 3 4
2198 3 4
7625 2 4
4602 3 5
3191 5 5
43 2 1
6336 5 4
52 5 2
2626 1 4
587 4 5
1479 5 5
6590 3 4
5337 3 4
9582 2 1
1827 4 3
9375 5 2
6224 3 2
4500 3 2
3891 2 3
5579 5 4
1576 1 4
8679 1 4
247 5 5
5278 3 1
6093 3 4
5771 3 3
2228 5 3
8722 5 2
7514 4 1
5583 3 3
5781 4 1
8010 3 2
5755 5 4
2130 3 2
2033 3 3
6985 5 2
4560 2 2
5630 1 3
5076 1 3
5657 5 1
3813 1 1
8808 3 3
4463 4 5
5859 1 3
9233 1 5
6945 2 2
6034 1 3
83 3 5
9286 2 3
9468 3 5
9461 3 1
9004 2 2
5290 2 3
9530 2 4
3075 1 1
2501 1 5
5271 2 2
7456 2 2
2571 3 4
3855 2 3
3114 3 2
2769 3 4
7962 5 5
6654 2 3
1518 3 5
5861 5 5
8626 3 2
8642 2 5
1174 1 2
8161 3 3
4682 5 4
5797 4 4
6564 2 2
454 3 3
6073 1 1
8342 2 5
5060 3 1
5535 1 4
9457 1 1
8310 3 5
3578 2 4
7289 2 4
5879 5 3
917 1 4
154 4 5
4330 2 1
7589 4 2
8559 3 5
1641 3 1
422 1 4
7237 3 1
1762 2 5
812 2 3
8567 2 1
7201 5 5
5311 5 5
1944 2 5
7138 1 1
309 5 3
1723 3 5
6514 1 4
9321 4 2
6952 3 3
9483 2 1
7306 4 3
3090 3 5
5852 1 2
2314 3 4
6063 4 5
9589 4 3
6113 4 3
9653 4 5
7918 2 5
7043 5 2
680 1 4
2826 4 2
1752 1 4
8002 5 3
8939 5 1
3146 3 2
1812 3 4
3934 1 2
9105 3 5
9509 4 4
7463 3 1
3834 3 5
3205 3 5
6810 1 5
1904 1 1
9753 5 4
7606 4 2
6586 4 4
1985 3 1
7595 5 2
7651 5 1
9856 3 5
2847 4 2
842 1 3
3721 1 5
9144 1 4
2478 3 1
4261 4 4
9902 1 5
3857 1 4
6909 2 5
2590 2 2
7469 2 5
7872 5 2
6741 3 4
6698 2 1
462 5 2
5409 5 4
8574 2 4
3132 3 4
957 2 3
5866 2 5
690 4 1
395 3 4
9072 4 4
8370 5 3
7008 5 5
3787 3 4
327 2 5
7217 3 5
1828 3 5
311 3 2
7999 1 5
4933 5 4
6827 4 2
7507 4 2
1845 3 1
6459 2 4
5520 5 4
7270 1 2
5266 1 4
3012 3 5
980 2 1
9854 4 2
1261 5 4
3510 1 1
6377 4 3
7318 4 3
6339 4 4
4559 1 5
1234 4 2
155 3 2
8674 1 4
1826 1 2
13 3 3
6941 1 1
744 3 4
5422 1 3
5015 1 4
6420 1 5
1961 3 1
9263 5 5
4415 1 4
2224 5 4
9025 2 3
8165 4 4
2573 4 5
6968 5 2
3703 2 2
2855 1 4
832 4 3
3191 4 3
1064 2 3
7841 4 5
8633 5 2
425 2 4
2977 2 5
302 5 1
6806 3 4
8508 5 1
8219 3 4
8700 2 2
5526 2 1
4996 3 4
1602 5 5
473 3 4
4339 1 4
7464 3 4
2371 5 2
1513 3 1
1609 1 5
5496 2 2
2701 2 2
1455 2 2
55 3 4
146 2 1
5811 5 3
7358 2 1
5129 3 3
6211 4 5
3444 5 3
9510 5 4
6664 3 5
6492 3 3
7706 1 2
5122 5 2
681 4 3
1056 3 1
3678 4 5
3947 1 3
4056 5 3
7996 5 1
2310 5 4
2888 3 2
4464 1 5
2568 3 4
8710 3 4
26 5 5
672 3 4
2701 5 3
9434 2 1
4744 2 5
4355 1 4
667 5 3
8356 1 4
3026 5 2
4728 5 2
8285 3 2
3545 4 1
5610 4 1
9116 2 1
2709 1 3
9789 1 5
3346 4 5
2846 1 1
8002 1 5
418 4 4
94 4 3
4848 2 3
8050 3 1
1226 3 5
7019 4 3
406 4 4
93 5 2
9776 3 1
7489 2 5
2005 5 2
4404 3 1
884 1 4
2489 3 4
4432 2 3
3625 3 2
7893 2 2
3635 5 4
9443 3 1
5724 3 2
5730 5 4
3739 2 5
9749 1 5
7855 3 5
8465 5 1
1405 4 4
7613 4 4
7033 5 4
2970 3 3
4869 2 5
8718 4 4
4457 3 3
7611 2 1
5820 2 2
1352 3 4
2597 2 3
4950 1 4
8908 5 1
7676 5 5
4270 5 3
4684 5 2
3178 2 3
3152 2 4
8811 1 1
7218 1 1
8769 2 3
3675 3 5
3674 4 3
9377 1 1
9432 5 3
222 1 1
7345 1 3
7055 1 2
4629 5 5
927 3 4
1769 2 3
8351 4 1
7264 5 2
1613 5 2
4409 2 4
1769 4 1
5818 3 1
7036 1 1
1106 2 2
5186 3 5
8410 1 4
4599 3 2
5773 4 2
3525 3 5
7606 3 1
2066 2 5
2479 5 2
1017 5 3
2420 2 1
6530 3 3
9099 2 4
1080 1 2
7652 3 3
9569 3 3
470 2 2
1831 1 3
1584 3 4
5213 5 2
7518 2 2
8886 5 1
8687 1 2
2265 3 3
6187 5 3
7608 3 4
4166 1 2
8426 5 1
9715 3 5
3364 4 3
5298 4 5
8013 2 2
719 5 5
2970 2 2
69 2 5
505 3 4
8191 5 4
1649 3 4
1553 1 5
1577 2 3
9929 3 3
8287 4 2
9149 5 1
1515 1 5
1131 4 1
2983 2 4
8686 3 3
4709 2 4
1986 4 1
9594 5 5
2997 1 5
7029 3 1
4479 3 5
3383 1 3
5090 2 2
3606 1 1
1174 3 4
9660 1 2
1866 4 4
5104 5 5
600 5 1
8996 2 5
6876 4 3
1252 2 5
2991 3 1
9173 1 2
3933 5 1
210 5 2
443 3 5
7683 3 2
1203 4 5
838 1 2
147 4 5
5321 2 5
8780 1 4
9522 4 4
921 1 5
4451 5 5
1747 5 2
7964 3 1
2107 4 5
6718 1 1
6559 4 5
4009 2 2
1830 3 1
1807 1 1
3334 2 2
7545 3 1
7967 2 1
3263 4 1
7065 5 1
6134 4 1
2685 2 1
1419 5 5
5886 1 1
1591 5 3
2039 2 1
7922 2 5
9898 3 1
3312 4 4
3376 1 5
4233 2 4
6861 3 1
3774 1 1
1560 5 3
6275 4 2
6348 4 3
2517 2 2
683 3 5
4545 3 3
963 5 5
5900 3 5
5514 3 5
2936 4 2
1118 5 3
6452 1 5
2916 2 5
9889 2 3
8548 3 5
4643 4 2
6223 5 2
874 2 5
1075 5 5
9619 2 1
9747 5 5
3600 1 2
9748 1 2
8517 2 5
3076 5 2
2852 3 3
6696 1 3
9901 1 4
6371 3 3
3976 5 3
8078 3 4
2894 4 1
5051 4 2
8951 4 2
3862 3 1
5055 4 1
9743 5 1
4765 4 4
4841 1 3
9556 3 1
3932 4 5
9322 3 2
6897 4 4
9366 3 1
1448 3 2
7464 5 2
9266 3 5
6885 5 3
7490 2 2
5586 2 3
9228 1 5
5872 5 2
9491 3 4
8816 2 2
6034 3 5
5109 5 1
5630 4 1
3149 4 3
5911 2 3
6865 4 5
9498 5 1
2427 5 2
4526 4 4
1448 4 5
6067 3 2
7541 3 4
5249 2 4
1335 2 1
8704 4 5
2484 1 4
2994 2 3
1980 4 5
3952 3 4
186 2 2
391 2 4
2767 3 3
5726 1 2
3990 3 2
3136 5 2
4954 4 5
2357 2 3
3804 5 1
7958 5 3
7896 3 2
6876 4 5
2966 4 3
5142 3 4
4682 2 3
4036 4 2
8436 4 3
7226 1 5
4439 2 2
7626 1 4
6586 5 3
6464 5 2
9116 3 3
6517 4 2
4642 1 2
4768 1 4
5907 1 4
6579 3 3
5520 5 1
1679 2 4
5144 2 1
6425 1 1
2363 5 3
8909 2 2
9083 4 1
1744 4 1
2376 4 4
1598 4 4
287 1 2
616 4 5
5226 5 1
6026 4 5
4448 1 5
4955 3 1
5252 4 3
4617 2 1
8250 5 2
5773 2 4
7878 4 4
6361 1 5
61 5 4
1866 3 5
395 1 1
9909 4 3
3119 1 4
659 2 1
5536 2 4
1715 2 5
793 4 4
6840 1 3
6346 2 1
1119 2 5
4856 5 1
110 2 2
9158 3 1
8951 2 2
6310 2 4
7866 4 2
5778 4 4
3060 4 4
3104 2 2
3179 4 1
6715 1 2
4134 3 3
9242 5 2
7011 3 1
4590 2 1
2762 1 1
8972 1 1
4268 3 5
5524 2 1
7724 3 1
3049 3 2
5414 5 1
8780 2 2
8717 4 2
5932 3 3
2853 4 5
8195 4 4
5791 3 4
51 1 1
3175 4 2
2256 3 2
558 3 5
2271 4 5
5719 4 5
176 1 5
4839 4 5
8354 3 2
1126 1 3
9190 2 4
8270 2 2
6808 1 1
4452 1 1
3721 3 3
6393 1 2
1461 3 1
2616 3 4
4238 4 2
6391 2 5
8046 2 2
5730 5 3
6158 4 2
3568 2 1
2166 1 3
3667 1 5
4989 2 1
2075 3 5
7109 3 4
6406 5 1
1559 5 1
1607 1 2
8084 3 1
6196 3 3
4029 5 5
3959 4 1
2503 4 3
3146 4 2
4958 5 3
9050 3 3
6811 5 1
7362 1 3
6039 2 4
1876 4 4
8379 2 1
1249 5 3
9201 2 1
6541 1 5
1065 5 4
4789 1 4
2553 1 5
3381 3 4
614 1 4
810 1 4
7285 4 2
9008 5 2
4004 3 2
4654 5 2
1734 4 5
4421 1 5
3081 3 3
9705 4 4
6366 3 3
1287 1 5
4002 3 2
7442 5 2
6732 2 5
8734 1 3
5277 1 2
7677 1 5
1551 5 5
176 3 1
4488 1 5
9801 3 1
8428 2 1
8280 1 1
7665 2 1
3137 3 2
9676 3 4
2241 5 1
4871 2 4
7937 3 1
9222 5 1
9327 3 3
5081 2 2
4088 2 2
3570 1 1
5995 2 3
1350 5 4
797 1 2
4646 2 5
5240 4 3
5466 4 2
1270 5 2
6967 2 2
2093 2 2
1828 3 4
6360 1 5
7581 5 1
4960 5 1
3180 3 1
4238 1 1
748 3 5
7537 4 2
784 2 4
3022 2 2
4382 1 1
8158 2 2
4477 2 5
1043 3 4
9387 4 3
8497 2 2
9088 3 4
2931 3 1
8839 3 2
5018 2 1
2361 1 3
5449 3 3
3721 4 5
7625 1 4
88 5 4
1427 3 1
2953 2 2
1945 5 3
6810 3 1
7944 4 4
659 3 1
2786 1 3
7709 3 5
3753 2 4
1579 4 3
8806 5 2
559 2 5
2452 5 2
9767 1 3
9196 1 2
2638 3 3
4515 1 5
1681 4 1
5682 1 2
9770 3 1
6093 3 3
418 4 2
1514 4 1
7843 3 3
7391 5 2
1040 2 1
5810 4 2
9834 2 3
6918 3 1
8912 3 5
2180 2 3
3778 4 4
2362 1 5
9200 3 4
1207 2 1
18 3 5
8331 2 4
5866 2 3
9717 5 1
5544 4 5
8115 1 3
7954 4 5
4555 5 3
6441 2 5
5892 4 2
3006 3 1
7051 2 1
3491 1 4
9522 5 3
3372 5 3
2772 5 1
3537 3 2
884 5 5
4792 4 1
2069 3 4
9122 3 2
5938 1 4
568 5 1
4250 1 5
8349 3 1
7945 2 1
4603 4 2
1856 3 1
7382 2 3
3522 5 4
5947 3 5
7153 4 4
4056 1 4
3907 4 4
1121 1 1
9196 3 3
9745 5 3
1061 1 3
8314 1 3
9978 3 4
5826 5 5
5312 3 5
4558 4 4
9702 2 3
1541 1 5
2499 3 3
4547 2 3
3515 2 4
8536 5 2
5829 4 1
7001 1 5
8886 5 1
8550 4 5
681 5 2
9155 3 1
513 2 3
9806 4 5
8845 4 3
321 3 1
2720 4 5
8496 1 5
863 3 4
6214 1 3
9222 3 1
6089 4 2
8453 3 4
7498 5 1
3745 4 2
1914 5 3
4928 4 3
2328 1 4
5613 5 4
7211 1 4
8603 4 1
6056 3 2
2205 3 5
4277 2 4
3921 3 3
2360 4 3
4171 1 4
5391 5 1
1979 1 5
6024 4 1
2045 4 3
2704 2 1
2335 4 1
6207 1 2
1085 4 3
4333 1 4
2777 2 3
4536 3 3
1957 1 4
3515 4 5
411 3 5
8667 2 4
7452 2 1
6234 4 5
3363 5 3
2534 5 4
5923 3 5
3662 5 1
7947 1 1
4913 5 1
1739 5 1
4637 1 5
7164 5 4
5841 1 3
9984 3 3
5310 5 2
8768 5 4
9209 1 4
442 1 4
4429 5 4
9262 4 5
769 5 3
6374 4 2
3501 2 3
1558 1 4
5556 4 3
8524 5 5
12 3 3
1680 1 3
9171 5 3
4497 2 4
8968 4 2
1677 5 4
6810 1 5
6211 3 2
4880 2 4
5023 3 3
5775 5 3
7578 1 4
2041 2 4
5558 1 1
4908 1 4
266 4 5
4645 2 5
6599 2 2
5543 1 3
6370 1 2
3073 3 5
8021 5 1
7741 5 3
9533 3 5
6962 4 4
1427 1 5
5780 3 4
3045 3 5
1257 5 2
5996 1 3
5744 3 5
5484 4 2
5602 1 3
5245 5 4
3819 3 2
1851 5 3
5292 1 5
4008 4 4
4618 5 2
5137 5 5
1845 4 5
9934 5 4
3508 2 2
5154 2 4
1456 3 5
5822 3 5
8806 5 2
9421 3 4
2804 4 4
992 5 4
5522 1 3
7299 5 3
5496 1 1
8971 1 4
3402 1 5
7718 1 1
9814 3 4
7802 2 1
5642 5 1
8018 3 5
9721 3 2
1116 1 4
2761 2 5
2325 1 4
7679 3 4
741 5 4
5680 4 4
3632 2 5
2301 4 5
4661 3 2
7146 5 5
9237 1 2
8493 2 1
7121 5 1
8256 2 5
7575 1 3
2209 1 3
2188 2 4
9812 3 1
8359 2 1
2759 2 1
2937 3 1
8671 2 4
8510 1 4
4995 5 3
9389 2 1
9087 3 5
2278 2 4
7881 4 5
9036 5 2
5299 5 5
6559 1 3
9451 5 4
9951 5 2
8529 4 1
6851 3 5
3067 5 4
5502 4 2
6381 1 5
2187 4 3
1570 4 4
7521 5 1
211 4 2
1090 2 4
7331 4 3
8906 4 5
2222 4 5
7688 2 2
9484 3 5
9542 5 2
9633 5 3
5004 2 5
7874 2 1
4115 1 1
7046 5 3
1031 1 5
1708 3 2
3652 4 4
8350 4 1
3545 4 2
1235 5 2
1962 5 4
7643 5 1
4276 2 5
3550 4 2
5477 2 1
8227 2 5
5314 3 1
1566 1 1
2661 3 3
6300 3 2
4305 2 4
2108 1 5
9586 2 4
4254 3 4
7397 4 2
6358 1 1
8166 4 1
4787 5 1
2251 3 5
1315 3 3
9629 5 4
1014 2 2
1401 1 5
7688 1 3
9912 3 2
9249 4 3
7047 2 1
2054 2 4
9486 5 1
6895 5 5
5951 2 5
3115 3 5
4270 5 3
8385 5 4
1132 3 1
5476 4 4
3949 1 3
5813 5 2
9899 1 2
9797 5 2
1277 5 1
8945 4 5
9484 2 2
8775 5 3
2826 3 4
1591 1 4
5348 5 5
7658 3 2
4815 1 2
8122 2 1
3142 2 2
9778 5 4
2842 3 3
6913 2 3
4759 3 2
4086 1 2
1733 5 3
1376 5 5
572 3 4
3194 1 4
6343 4 3
814 4 1
9255 1 1
338 3 4
9117 4 5
3396 1 5
9695 4 4
9092 2 5
6400 3 5
7191 2 4
1651 3 2
7742 2 4
8507 2 5
2571 5 1
2630 1 3
8830 2 2
443 4 3
6279 4 4
3967 3 1
3454 3 2
6747 3 2
8939 5 1
3528 5 4
2500 1 3
5246 2 4
8794 1 4
6959 1 4
5389 3 2
9432 4 5
3792 1 2
2184 2 2
8325 1 1
7709 2 2
5288 1 5
6759 4 1
2034 2 5
3051 4 5
9087 4 5
9439 2 3
1875 2 5
3474 1 4
967 5 1
5719 2 5
2991 3 3
9798 2 5
8694 3 4
6992 2 3
4609 2 4
8287 4 1
5234 2 1
7461 3 3
637 3 2
4706 2 1
5795 1 4
1270 1 4
3275 1 5
3666 5 1
9668 2 2
7098 3 1
7755 3 1
3129 5 5
763 1 4
8107 3 4
1847 4 4
1253 5 5
3643 5 5
3298 1 5
1473 3 1
5396 2 4
9023 5 5
9385 3 1
3073 3 1
436 1 3
2880 5 2
7163 5 5
8214 4 4
7955 4 4
5909 3 4
6981 2 5
5599 2 1
7997 4 4
4785 4 4
2107 1 3
4301 4 5
483 4 2
6893 1 1
9780 2 5
934 4 2
3305 3 4
2027 5 1
4410 2 1
2400 4 5
5734 4 1
8810 2 4
31 2 5
8074 1 1
5356 3 4
6693 3 4
1729 1 1
7389 1 5
3154 2 1
8671 5 1
9313 3 3
5169 1 1
9986 4 4
7214 1 1
9608 3 2
579 4 2
9103 4 1
1298 3 3
8422 5 1
4127 2 2
9926 5 1
4931 3 3
3789 5 2
9221 1 1
9821 5 2
1984 5 5
4376 2 2
7655 5 1
6424 2 4
2751 2 5
7225 4 3
664 4 1
8248 5 2
7253 4 1
2618 1 4
4306 5 5
258 4 3
1590 3 1
6711 4 1
1761 2 2
3177 2 5
4165 1 5
1506 4 2
710 3 4
8471 4 3
3689 1 4
5330 5 4
7531 1 4
343 4 2
2020 4 3
1045 1 4
6631 3 2
5455 3 2
4873 4 5
6943 3 4
8345 4 5
9569 5 1
70 2 2
5281 5 3
897 2 5
459 5 1
2474 3 4
6345 4 5
5554 1 2
1855 1 5
5902 2 2
3975 1 2
3454 3 2
8658 4 3
1577 5 5
9704 1 1
6507 2 2
5019 5 2
1457 2 1
130 5 4
2939 1 2
7930 5 5
4415 1 2
9284 1 4
1981 4 2
9201 5 3
44 1 2
8883 3 5
4796 1 4
3645 2 1
4831 5 5
9831 3 3
946 3 2
4396 3 5
3158 3 3
3834 2 4
8915 3 1
7220 4 3
650 3 4
2958 5 4
5107 4 5
3652 5 1
1418 2 5
6420 4 5
3037 1 5
5673 1 2
4916 2 3
1792 1 3
6143 4 3
2099 2 1
2906 5 1
5805 5 4
117 3 4
8650 1 1
4025 1 5
4564 2 4
1223 3 1
7040 5 4
218 1 1
1284 5 4
7005 3 3
4397 3 1
8454 5 2
2994 1 5
4275 2 1
5946 5 4
3954 5 5
134 4 3
2051 2 5
9388 4 3
5846 5 3
9785 4 2
8494 4 4
6767 4 1
802 2 2
3762 1 4
5390 4 4
9435 4 4
5867 4 4
9771 5 1
2246 1 5
6270 3 2
1610 3 3
3438 3 1
9010 5 2
3582 1 5
2650 2 4
1070 5 4
5109 1 5
8076 1 4
6710 4 2
2744 3 1
5375 1 3
3918 3 4
7151 1 1
2100 3 5
3060 1 2
6470 3 4
1704 5 1
9211 1 4
5727 4 5
6502 2 2
9948 4 3
3280 5 2
2575 1 5
2357 4 4
7662 5 4
1234 2 4
6505 1 4
496 5 3
9099 4 1
4417 3 5
4625 1 1
142 2 1
9211 1 4
6639 5 1
9945 5 3
5944 4 3
5303 3 4
5998 3 4
852 5 4
2911 5 4
3558 5 3
4211 4 2
8608 1 5
2955 2 4
1120 2 5
7716 1 4
6434 4 1
1866 5 4
3960 1 5
6024 3 4
6168 3 3
7042 1 5
542 5 2
5006 5 5
8660 4 1
9074 5 2
7331 3 4
4154 2 5
208 2 1
6347 5 1
3530 5 3
8900 4 3
3149 1 5
5088 3 1
2986 5 3
9983 2 3
2618 3 2
23 1 2
9818 1 5
5247 2 2
2903 3 5
1535 4 4
2470 5 5
2387 4 2
4014 3 1
5336 3 5
4106 3 5
6959 3 5
2900 3 2
8617 2 1
2894 5 4
6131 2 4
9550 3 4
8388 5 2
1208 4 5
2157 2 2
5252 4 5
5158 3 3
3573 2 1
3720 4 2
8669 2 2
9479 1 4
3363 1 1
7665 3 1
6430 1 4
8255 5 3
6200 4 3
8604 1 5
2698 5 2
7817 3 1
2704 1 4
3017 5 2
7047 1 2
9499 1 4
2676 5 5
2350 3 1
3346 1 1
2755 5 5
8867 4 4
4349 4 2
6831 3 2
426 2 1
2292 3 3
683 3 4
8628 4 5
2774 5 1
6161 2 5
1885 2 4
9692 1 2
8537 2 1
4596 1 2
9283 2 4
6647 5 1
2423 2 4
1776 3 5
3368 1 1
6032 4 1
7749 5 1
2797 1 5
9207 5 5
1423 3 1
3038 4 5
2739 2 2
985 3 4
9020 1 5
582 3 5
9383 1 4
1652 4 1
4897 2 4
7158 1 4
390 4 2
6202 4 1
427 1 5
1160 1 4
4359 3 3
4185 4 2
7643 4 1
132 5 5
8069 4 2
4541 2 3
3139 2 5
5142 1 4
8780 2 4
108 2 1
3174 3 5
6449 1 2
4459 5 1
6746 5 5
5130 4 2
5413 5 3
8950 1 4
4739 2 2
3357 2 4
9132 3 3
9315 2 2
1054 1 3
1779 4 4
9498 4 1
1385 1 2
1941 2 1
9254 3 4
6527 5 1
851 5 1
204 2 5
5744 4 5
7809 2 5
9256 4 3
3019 3 1
8137 3 5
1104 4 4
1263 5 5
9523 1 1
7932 5 1
4218 4 2
7063 4 2
8954 1 4
9767 4 2
2390 3 1
2368 4 3
5442 2 3
8054 3 2
6554 3 3
6027 4 2
8371 4 2
1560 1 4
4576 1 2
1839 5 2
6125 3 5
7719 3 5
1388 3 5
4405 3 5
2402 5 1
810 2 3
2322 1 4
582 4 5
3132 5 1
827 1 1
5471 5 1
862 4 4
5635 5 5
9299 2 5
4076 4 1
5556 1 1
5089 5 2
6632 2 5
5264 5 4
9662 3 4
7197 4 4
2546 5 3
673 3 2
4490 4 1
2826 3 5
5880 1 4
2001 2 1
9218 2 2
5149 4 1
8898 3 4
88 2 4
4141 1 4
9588 1 5
5903 3 1
2248 1 5
944 5 1
2584 3 3
9759 3 5
1630 1 3
4591 5 2
6323 5 4
3338 4 2
2523 3 3
9564 5 4
6398 5 5
1353 4 4
9194 5 1
9418 5 5
1742 3 2
6163 3 1
8382 2 1
4131 2 3
8605 2 3
5196 1 3
3189 2 5
8170 2 1
8544 2 1
2764 3 4
7746 4 4
6379 3 2
7822 3 1
693 4 1
6063 1 5
8602 3 1
7247 2 5
3729 3 1
4355 2 5
5589 3 4
3605 2 3
3107 1 5
7689 5 5
7128 5 4
7303 5 4
3070 5 1
1744 2 4
7604 4 3
3228 4 1
4909 1 4
5091 4 2
7054 1 1
6478 3 5
9807 1 2
5815 4 1
8913 2 1
656 5 3
5097 4 1
8566 2 3
1526 4 3
9796 3 2
960 5 2
2570 3 3
2918 3 4
4826 5 1
7719 1 4
1408 2 1
4134 4 3
878 3 5
5143 2 1
7213 1 4
1134 3 5
5368 1 2
8372 5 4
72 1 1
3158 5 3
2004 5 3
6352 5 1
4189 2 1
7609 5 2
4747 5 4
1333 2 3
7353 2 3
1760 5 2
9524 4 4
9764 4 3
3772 2 2
8688 1 2
7785 5 3
9430 5 5
6050 3 4
5655 1 5
4401 2 1
3197 2 5
999 5 1
1418 5 3
7012 5 1
4286 2 2
2216 4 4
6171 5 1
3810 4 2
4671 1 5
3944 2 4
8925 5 3
236 3 5
6269 4 2
7600 5 2
3078 5 1
9454 4 4
4914 1 1
9300 4 2
8364 5 5
4725 5 5
5954 1 2
9082 1 5
5729 3 5
7686 2 2
2170 1 4
6491 2 3
5853 4 4
628 4 2
3379 5 1
3265 3 4
7130 4 5
2703 1 4
3238 5 1
9035 1 2
9567 4 3
1046 1 3
4063 3 3
7053 2 3
8166 2 5
1666 1 2
3433 5 4
6678 5 5
3093 2 1
2315 4 4
4740 1 3
5882 2 4
1173 4 3
2612 5 5
235 3 4
8778 5 4
3654 1 2
5048 4 1
7584 1 4
7813 3 5
1622 1 3
5218 2 3
1715 1 2
7439 3 4
2679 2 2
8292 2 1
500 4 3
8342 4 5
8746 1 2
6991 2 5
8895 1 1
6568 5 3
4174 1 3
9304 2 4
3766 4 5
4618 3 1
9024 1 1
2210 2 3
9546 5 1
9512 1 4
7439 2 1
4853 3 1
8959 5 2
7 3 2
9187 3 1
1696 1 3
2541 4 2
6721 4 3
1527 5 1
7535 5 5
2274 4 3
5510 5 3
7818 3 3
4127 3 1
9817 3 3
296 3 4
1913 2 4
30
240
325
455
459
492
553
659
715
1014
1060
1151
1191
1266
1443
1559
1665
1693
2072
2107
2366
2374
2485
2488
2785
2821
2897
3043
3059
3377
3495
3535
3536
3537
3653
3905
3995
4118
4133
4155
4223
4321
4395
4403
4477
4487
4654
4665
4672
4749
4777
4807
4813
4883
4919
5031
5064
5157
5243
5588
5764
5862
5958
5989
6098
6112
6239
6453
6524
6854
6896
6915
7083
7136
7253
7495
7577
7718
7938
8092
8123
8160
8295
8415
8420
8438
8479
8559
8998
9034
9056
9299
9420
9605
9629
9669
9694
9903
9905
9929
